TIME_BIN TIME_MIN TIME TIME_MAX COUNTS STAT_ERR AREA EXPOSURE COUNT_RATE COUNT_RATE_ERR
1.0 88932174.406668 88932176.027188 88932177.64770801 0.0 0.0 560.6710436009372 0.0 0.0 0.0
2.0 88932177.64770801 88932179.26822802 88932180.88874802 0.0 0.0 560.6710436009372 0.0 0.0 0.0
3.0 88932180.888748 88932182.50926802 88932184.12978801 0.0 0.0 560.6710436009372 0.0 0.0 0.0
4.0 88932184.12978801 88932185.750308 88932187.37082802 0.0 0.0 560.6710436009372 0.0 0.0 0.0
5.0 88932187.370828 88932188.991348 88932190.61186801 0.0 0.0 560.6710436009372 0.0 0.0 0.0
6.0 88932190.61186801 88932192.23238802 88932193.85290802 0.0 0.0 560.6710436009372 0.0 0.0 0.0
7.0 88932193.852908 88932195.47342801 88932197.093948 0.0 0.0 560.6710436009372 0.0 0.0 0.0
8.0 88932197.093948 88932198.714468 88932200.33498801 0.0 0.0 560.6710436009372 0.0 0.0 0.0
9.0 88932200.33498801 88932201.95550802 88932203.57602802 0.0 0.0 560.6710436009372 0.0 0.0 0.0
10.0 88932203.576028 88932205.19654801 88932206.81706801 0.0 0.0 560.6710436009372 0.0 0.0 0.0
11.0 88932206.81706801 88932208.437588 88932210.05810802 0.0 0.0 560.6710436009372 0.0 0.0 0.0
12.0 88932210.058108 88932211.678628 88932213.29914801 0.0 0.0 560.6710436009372 0.0 0.0 0.0
13.0 88932213.29914801 88932214.91966802 88932216.54018801 0.0 0.0 560.6710436009372 0.0 0.0 0.0
14.0 88932216.54018801 88932218.16070801 88932219.78122802 0.0 0.0 560.6710436009372 0.0 0.0 0.0
15.0 88932219.781228 88932221.401748 88932223.02226801 0.0 0.0 560.6710436009372 0.0 0.0 0.0
16.0 88932223.02226801 88932224.64278802 88932226.26330802 0.0 0.0 560.6710436009372 0.0 0.0 0.0
17.0 88932226.263308 88932227.88382801 88932229.50434801 0.0 0.0 560.6710436009372 0.0 0.0 0.0
18.0 88932229.50434801 88932231.124868 88932232.74538802 0.0 0.0 560.6710436009372 0.0 0.0 0.0
19.0 88932232.745388 88932234.365908 88932235.98642801 0.0 0.0 560.6710436009372 0.0 0.0 0.0
20.0 88932235.98642801 88932237.60694802 88932239.22746801 0.0 0.0 560.6710436009372 0.0 0.0 0.0
21.0 88932239.22746801 88932240.84798801 88932242.46850802 0.0 0.0 560.6710436009372 0.0 0.0 0.0
22.0 88932242.468508 88932244.089028 88932245.70954801 0.0 0.0 560.6710436009372 0.0 0.0 0.0
23.0 88932245.70954801 88932247.33006802 88932248.95058802 0.0 0.0 560.6710436009372 0.0 0.0 0.0
24.0 88932248.950588 88932250.57110801 88932252.19162801 0.0 0.0 560.6710436009372 0.0 0.0 0.0
25.0 88932252.19162801 88932253.812148 88932255.43266802 0.0 0.0 560.6710436009372 0.0 0.0 0.0
26.0 88932255.432668 88932257.053188 88932258.673708 0.0 0.0 560.6710436009372 0.0 0.0 0.0
27.0 88932258.673708 88932260.29422802 88932261.91474801 0.0 0.0 560.6710436009372 0.0 0.0 0.0
28.0 88932261.91474801 88932263.53526801 88932265.15578802 0.0 0.0 560.6710436009372 0.0 0.0 0.0
29.0 88932265.155788 88932266.776308 88932268.39682801 0.0 0.0 560.6710436009372 0.0 0.0 0.0
30.0 88932268.39682801 88932270.01734802 88932271.63786802 0.0 0.0 560.6710436009372 0.0 0.0 0.0
31.0 88932271.637868 88932273.25838801 88932274.87890801 0.0 0.0 560.6710436009372 0.0 0.0 0.0
32.0 88932274.87890801 88932276.499428 88932278.11994801 0.0 0.0 560.6710436009372 0.0 0.0 0.0
33.0 88932278.11994801 88932279.74046803 88932281.36098802 0.0 0.0 560.6710436009372 0.0 0.0 0.0
34.0 88932281.360988 88932282.98150802 88932284.60202801 0.0 0.0 560.6710436009372 0.0 0.0 0.0
35.0 88932284.60202801 88932286.22254801 88932287.84306802 0.0 0.0 560.6710436009372 0.0 0.0 0.0
36.0 88932287.843068 88932289.463588 88932291.08410801 0.0 0.0 560.6710436009372 0.0 0.0 0.0
37.0 88932291.08410801 88932292.70462802 88932294.32514802 0.0 0.0 560.6710436009372 0.0 0.0 0.0
38.0 88932294.325148 88932295.94566801 88932297.56618801 0.0 0.0 560.6710436009372 0.0 0.0 0.0
39.0 88932297.56618801 88932299.186708 88932300.80722801 0.0 0.0 560.6710436009372 0.0 0.0 0.0
40.0 88932300.80722801 88932302.42774802 88932304.04826802 0.0 0.0 560.6710436009372 0.0 0.0 0.0
41.0 88932304.048268 88932305.66878802 88932307.28930801 0.0 0.0 560.6710436009372 0.0 0.0 0.0
42.0 88932307.28930801 88932308.909828 88932310.53034802 0.0 0.0 560.6710436009372 0.0 0.0 0.0
43.0 88932310.530348 88932312.150868 88932313.77138801 0.0 0.0 560.6710436009372 0.0 0.0 0.0
44.0 88932313.77138801 88932315.39190802 88932317.01242802 0.0 0.0 560.6710436009372 0.0 0.0 0.0
45.0 88932317.012428 88932318.63294801 88932320.253468 0.0 0.0 560.6710436009372 0.0 0.0 0.0
46.0 88932320.253468 88932321.873988 88932323.49450801 0.0 0.0 560.6710436009372 0.0 0.0 0.0
47.0 88932323.49450801 88932325.11502802 88932326.73554802 0.0 0.0 560.6710436009372 0.0 0.0 0.0
48.0 88932326.735548 88932328.35606802 88932329.97658801 0.0 0.0 560.6710436009372 0.0 0.0 0.0
49.0 88932329.97658801 88932331.597108 88932333.21762802 0.0 0.0 560.6710436009372 0.0 0.0 0.0
50.0 88932333.217628 88932334.838148 88932336.45866801 0.0 0.0 560.6710436009372 0.0 0.0 0.0
51.0 88932336.45866801 88932338.07918802 88932339.69970801 0.0 0.0 560.6710436009372 0.0 0.0 0.0
52.0 88932339.69970801 88932341.32022801 88932342.94074802 0.0 0.0 560.6710436009372 0.0 0.0 0.0
53.0 88932342.940748 88932344.561268 88932346.18178801 0.0 0.0 560.6710436009372 0.0 0.0 0.0
54.0 88932346.18178801 88932347.80230802 88932349.42282802 0.0 0.0 560.6710436009372 0.0 0.0 0.0
55.0 88932349.422828 88932351.04334801 88932352.66386801 0.0 0.0 560.6710436009372 0.0 0.0 0.0
56.0 88932352.66386801 88932354.284388 88932355.90490802 0.0 0.0 560.6710436009372 0.0 0.0 0.0
57.0 88932355.904908 88932357.525428 88932359.14594801 0.0 0.0 560.6710436009372 0.0 0.0 0.0
58.0 88932359.14594801 88932360.76646802 88932362.38698801 0.0 0.0 560.6710436009372 0.0 0.0 0.0
59.0 88932362.38698801 88932364.00750801 88932365.62802802 0.0 0.0 560.6710436009372 0.0 0.0 0.0
60.0 88932365.628028 88932367.248548 88932368.86906801 0.0 0.0 560.6710436009372 0.0 0.0 0.0
61.0 88932368.86906801 88932370.48958802 88932372.11010802 0.0 0.0 560.6710436009372 0.0 0.0 0.0
62.0 88932372.110108 88932373.73062801 88932375.35114801 0.0 0.0 560.6710436009372 0.0 0.0 0.0
63.0 88932375.35114801 88932376.971668 88932378.59218802 0.0 0.0 560.6710436009372 0.0 0.0 0.0
64.0 88932378.592188 88932380.212708 88932381.833228 0.0 0.0 560.6710436009372 0.0 0.0 0.0
65.0 88932381.833228 88932383.45374802 88932385.07426801 0.0 0.0 560.6710436009372 0.0 0.0 0.0
66.0 88932385.07426801 88932386.69478801 88932388.31530802 0.0 0.0 560.6710436009372 0.0 0.0 0.0
67.0 88932388.315308 88932389.935828 88932391.55634801 0.0 0.0 560.6710436009372 0.0 0.0 0.0
68.0 88932391.55634801 88932393.17686802 88932394.79738802 0.0 0.0 560.6710436009372 0.0 0.0 0.0
69.0 88932394.797388 88932396.41790801 88932398.03842801 0.0 0.0 560.6710436009372 0.0 0.0 0.0
70.0 88932398.03842801 88932399.658948 88932401.27946801 0.0 0.0 560.6710436009372 0.0 0.0 0.0
71.0 88932401.279468 88932402.899988 88932404.520508 0.0 0.0 560.6710436009372 0.0 0.0 0.0
72.0 88932404.520508 88932406.14102802 88932407.76154801 0.0 0.0 560.6710436009372 0.0 0.0 0.0
73.0 88932407.76154801 88932409.38206801 88932411.00258802 0.0 0.0 560.6710436009372 0.0 0.0 0.0
74.0 88932411.002588 88932412.623108 88932414.24362801 0.0 0.0 560.6710436009372 0.0 0.0 0.0
75.0 88932414.24362801 88932415.86414802 88932417.48466802 0.0 0.0 560.6710436009372 0.0 0.0 0.0
76.0 88932417.484668 88932419.10518801 88932420.72570801 0.0 0.0 560.6710436009372 0.0 0.0 0.0
77.0 88932420.72570801 88932422.346228 88932423.96674801 0.0 0.0 560.6710436009372 0.0 0.0 0.0
78.0 88932423.96674801 88932425.58726802 88932427.20778802 0.0 0.0 560.6710436009372 0.0 0.0 0.0
79.0 88932427.207788 88932428.82830802 88932430.44882801 0.0 0.0 560.6710436009372 0.0 0.0 0.0
80.0 88932430.44882801 88932432.069348 88932433.68986802 0.0 0.0 560.6710436009372 0.0 0.0 0.0
81.0 88932433.689868 88932435.310388 88932436.93090801 0.0 0.0 560.6710436009372 0.0 0.0 0.0
82.0 88932436.93090801 88932438.55142802 88932440.17194802 0.0 0.0 560.6710436009372 0.0 0.0 0.0
83.0 88932440.171948 88932441.79246801 88932443.412988 0.0 0.0 560.6710436009372 0.0 0.0 0.0
84.0 88932443.412988 88932445.033508 88932446.65402801 0.0 0.0 560.6710436009372 0.0 0.0 0.0
85.0 88932446.65402801 88932448.27454802 88932449.89506802 0.0 0.0 560.6710436009372 0.0 0.0 0.0
86.0 88932449.895068 88932451.51558802 88932453.13610801 0.0 0.0 560.6710436009372 0.0 0.0 0.0
87.0 88932453.13610801 88932454.756628 88932456.37714802 0.0 0.0 560.6710436009372 0.0 0.0 0.0
88.0 88932456.377148 88932457.997668 88932459.61818801 0.0 0.0 560.6710436009372 0.0 0.0 0.0
89.0 88932459.61818801 88932461.23870802 88932462.85922801 0.0 0.0 560.6710436009372 0.0 0.0 0.0
90.0 88932462.859228 88932464.47974801 88932466.100268 0.0 0.0 560.6710436009372 0.0 0.0 0.0
91.0 88932466.100268 88932467.720788 88932469.34130801 0.0 0.0 560.6710436009372 0.0 0.0 0.0
92.0 88932469.34130801 88932470.96182802 88932472.58234802 0.0 0.0 560.6710436009372 0.0 0.0 0.0
93.0 88932472.582348 88932474.20286801 88932475.82338801 0.0 0.0 560.6710436009372 0.0 0.0 0.0
94.0 88932475.82338801 88932477.443908 88932479.06442802 0.0 0.0 560.6710436009372 0.0 0.0 0.0
95.0 88932479.064428 88932480.684948 88932482.30546801 0.0 0.0 560.6710436009372 0.0 0.0 0.0
96.0 88932482.30546801 88932483.92598802 88932485.54650801 0.0 0.0 560.6710436009372 0.0 0.0 0.0
97.0 88932485.54650801 88932487.16702801 88932488.78754802 0.0 0.0 560.6710436009372 0.0 0.0 0.0
98.0 88932488.787548 88932490.408068 88932492.02858801 0.0 0.0 560.6710436009372 0.0 0.0 0.0
99.0 88932492.02858801 88932493.64910802 88932495.26962802 0.0 0.0 560.6710436009372 0.0 0.0 0.0
100.0 88932495.269628 88932496.89014801 88932498.51066801 0.0 0.0 560.6710436009372 0.0 0.0 0.0
101.0 88932498.51066801 88932500.131188 88932501.75170802 0.0 0.0 560.6710436009372 0.0 0.0 0.0
102.0 88932501.751708 88932503.372228 88932504.992748 0.0 0.0 560.6710436009372 0.0 0.0 0.0
103.0 88932504.992748 88932506.61326802 88932508.23378801 0.0 0.0 560.6710436009372 0.0 0.0 0.0
104.0 88932508.23378801 88932509.85430801 88932511.47482802 0.0 0.0 560.6710436009372 0.0 0.0 0.0
105.0 88932511.474828 88932513.095348 88932514.71586801 0.0 0.0 560.6710436009372 0.0 0.0 0.0
106.0 88932514.71586801 88932516.33638802 88932517.95690802 0.0 0.0 560.6710436009372 0.0 0.0 0.0
107.0 88932517.956908 88932519.57742801 88932521.19794801 0.0 0.0 560.6710436009372 0.0 0.0 0.0
108.0 88932521.19794801 88932522.818468 88932524.43898802 0.0 0.0 560.6710436009372 0.0 0.0 0.0
109.0 88932524.438988 88932526.059508 88932527.680028 0.0 0.0 560.6710436009372 0.0 0.0 0.0
110.0 88932527.680028 88932529.30054802 88932530.92106801 0.0 0.0 560.6710436009372 0.0 0.0 0.0
111.0 88932530.92106801 88932532.54158801 88932534.16210802 0.0 0.0 560.6710436009372 0.0 0.0 0.0
112.0 88932534.162108 88932535.782628 88932537.40314801 0.0 0.0 560.6710436009372 0.0 0.0 0.0
113.0 88932537.40314801 88932539.02366802 88932540.64418802 0.0 0.0 560.6710436009372 0.0 0.0 0.0
114.0 88932540.644188 88932542.26470801 88932543.88522801 0.0 0.0 560.6710436009372 0.0 0.0 0.0
115.0 88932543.88522801 88932545.505748 88932547.12626801 0.0 0.0 560.6710436009372 0.0 0.0 0.0
116.0 88932547.12626801 88932548.74678802 88932550.36730802 0.0 0.0 560.6710436009372 0.0 0.0 0.0
117.0 88932550.367308 88932551.98782802 88932553.60834801 0.0 0.0 560.6710436009372 0.0 0.0 0.0
118.0 88932553.60834801 88932555.22886801 88932556.84938802 0.0 0.0 560.6710436009372 0.0 0.0 0.0
119.0 88932556.849388 88932558.469908 88932560.09042801 0.0 0.0 560.6710436009372 0.0 0.0 0.0
120.0 88932560.09042801 88932561.71094802 88932563.33146802 0.0 0.0 560.6710436009372 0.0 0.0 0.0
121.0 88932563.331468 88932564.95198801 88932566.572508 0.0 0.0 560.6710436009372 0.0 0.0 0.0
122.0 88932566.572508 88932568.193028 88932569.81354801 0.0 0.0 560.6710436009372 0.0 0.0 0.0
123.0 88932569.81354801 88932571.43406802 88932573.05458802 0.0 0.0 560.6710436009372 0.0 0.0 0.0
124.0 88932573.054588 88932574.67510802 88932576.29562801 0.0 0.0 560.6710436009372 0.0 0.0 0.0
125.0 88932576.29562801 88932577.916148 88932579.53666802 0.0 0.0 560.6710436009372 0.0 0.0 0.0
126.0 88932579.536668 88932581.157188 88932582.77770801 0.0 0.0 560.6710436009372 0.0 0.0 0.0
127.0 88932582.77770801 88932584.39822802 88932586.01874802 0.0 0.0 560.6710436009372 0.0 0.0 0.0
128.0 88932586.018748 88932587.63926801 88932589.259788 0.0 0.0 560.6710436009372 0.0 0.0 0.0
129.0 88932589.259788 88932590.880308 88932592.50082801 0.0 0.0 560.6710436009372 0.0 0.0 0.0
130.0 88932592.50082801 88932594.12134802 88932595.74186802 0.0 0.0 560.6710436009372 0.0 0.0 0.0
131.0 88932595.741868 88932597.36238801 88932598.98290801 0.0 0.0 560.6710436009372 0.0 0.0 0.0
132.0 88932598.98290801 88932600.603428 88932602.22394802 0.0 0.0 560.6710436009372 0.0 0.0 0.0
133.0 88932602.223948 88932603.844468 88932605.46498801 0.0 0.0 560.6710436009372 0.0 0.0 0.0
134.0 88932605.46498801 88932607.08550802 88932608.70602801 0.0 0.0 560.6710436009372 0.0 0.0 0.0
135.0 88932608.70602801 88932610.32654801 88932611.94706802 0.0 0.0 560.6710436009372 0.0 0.0 0.0
136.0 88932611.947068 88932613.567588 88932615.18810801 0.0 0.0 560.6710436009372 0.0 0.0 0.0
137.0 88932615.18810801 88932616.80862802 88932618.42914802 0.0 0.0 560.6710436009372 0.0 0.0 0.0
138.0 88932618.429148 88932620.04966801 88932621.67018801 0.0 0.0 560.6710436009372 0.0 0.0 0.0
139.0 88932621.67018801 88932623.290708 88932624.91122802 0.0 0.0 560.6710436009372 0.0 0.0 0.0
140.0 88932624.911228 88932626.531748 88932628.152268 0.0 0.0 560.6710436009372 0.0 0.0 0.0
141.0 88932628.152268 88932629.77278802 88932631.39330801 0.0 0.0 560.6710436009372 0.0 0.0 0.0
142.0 88932631.39330801 88932633.01382801 88932634.63434802 0.0 0.0 560.6710436009372 0.0 0.0 0.0
143.0 88932634.634348 88932636.254868 88932637.87538801 0.0 0.0 560.6710436009372 0.0 0.0 0.0
144.0 88932637.87538801 88932639.49590802 88932641.11642802 0.0 0.0 560.6710436009372 0.0 0.0 0.0
145.0 88932641.116428 88932642.73694801 88932644.35746801 0.0 0.0 560.6710436009372 0.0 0.0 0.0
146.0 88932644.35746801 88932645.977988 88932647.59850802 0.0 0.0 560.6710436009372 0.0 0.0 0.0
147.0 88932647.598508 88932649.219028 88932650.839548 0.0 0.0 560.6710436009372 0.0 0.0 0.0
148.0 88932650.839548 88932652.46006802 88932654.08058801 0.0 0.0 560.6710436009372 0.0 0.0 0.0
149.0 88932654.08058801 88932655.70110801 88932657.32162802 0.0 0.0 560.6710436009372 0.0 0.0 0.0
150.0 88932657.321628 88932658.942148 88932660.56266801 0.0 0.0 560.6710436009372 0.0 0.0 0.0
151.0 88932660.56266801 88932662.18318802 88932663.80370802 0.0 0.0 560.6710436009372 0.0 0.0 0.0
152.0 88932663.803708 88932665.42422801 88932667.04474801 0.0 0.0 560.6710436009372 0.0 0.0 0.0
153.0 88932667.04474801 88932668.665268 88932670.28578801 0.0 0.0 560.6710436009372 0.0 0.0 0.0
154.0 88932670.28578801 88932671.90630803 88932673.52682802 0.0 0.0 560.6710436009372 0.0 0.0 0.0
155.0 88932673.526828 88932675.14734802 88932676.76786801 0.0 0.0 560.6710436009372 0.0 0.0 0.0
156.0 88932676.76786801 88932678.38838801 88932680.00890802 0.0 0.0 560.6710436009372 0.0 0.0 0.0
157.0 88932680.008908 88932681.629428 88932683.24994801 0.0 0.0 560.6710436009372 0.0 0.0 0.0
158.0 88932683.24994801 88932684.87046802 88932686.49098802 0.0 0.0 560.6710436009372 0.0 0.0 0.0
159.0 88932686.490988 88932688.11150801 88932689.73202801 0.0 0.0 560.6710436009372 0.0 0.0 0.0
160.0 88932689.73202801 88932691.352548 88932692.97306801 0.0 0.0 560.6710436009372 0.0 0.0 0.0
161.0 88932692.97306801 88932694.59358802 88932696.21410802 0.0 0.0 560.6710436009372 0.0 0.0 0.0
162.0 88932696.214108 88932697.83462802 88932699.45514801 0.0 0.0 560.6710436009372 0.0 0.0 0.0
163.0 88932699.45514801 88932701.075668 88932702.69618802 0.0 0.0 560.6710436009372 0.0 0.0 0.0
164.0 88932702.696188 88932704.316708 88932705.93722801 0.0 0.0 560.6710436009372 0.0 0.0 0.0
165.0 88932705.93722801 88932707.55774802 88932709.17826802 0.0 0.0 560.6710436009372 0.0 0.0 0.0
166.0 88932709.178268 88932710.79878801 88932712.419308 0.0 0.0 560.6710436009372 0.0 0.0 0.0
167.0 88932712.419308 88932714.039828 88932715.66034801 0.0 0.0 560.6710436009372 0.0 0.0 0.0
168.0 88932715.66034801 88932717.28086802 88932718.90138802 0.0 0.0 560.6710436009372 0.0 0.0 0.0
169.0 88932718.901388 88932720.52190802 88932722.14242801 0.0 0.0 560.6710436009372 0.0 0.0 0.0
170.0 88932722.14242801 88932723.762948 88932725.38346802 0.0 0.0 560.6710436009372 0.0 0.0 0.0
171.0 88932725.383468 88932727.003988 88932728.62450801 0.0 0.0 560.6710436009372 0.0 0.0 0.0
172.0 88932728.62450801 88932730.24502802 88932731.86554801 0.0 0.0 560.6710436009372 0.0 0.0 0.0
173.0 88932731.86554801 88932733.48606801 88932735.10658802 0.0 0.0 560.6710436009372 0.0 0.0 0.0
174.0 88932735.106588 88932736.727108 88932738.34762801 0.0 0.0 560.6710436009372 0.0 0.0 0.0
175.0 88932738.34762801 88932739.96814802 88932741.58866802 0.0 0.0 560.6710436009372 0.0 0.0 0.0
176.0 88932741.588668 88932743.20918801 88932744.82970801 0.0 0.0 560.6710436009372 0.0 0.0 0.0
177.0 88932744.82970801 88932746.450228 88932748.07074802 0.0 0.0 560.6710436009372 0.0 0.0 0.0
178.0 88932748.070748 88932749.691268 88932751.31178801 0.0 0.0 560.6710436009372 0.0 0.0 0.0
179.0 88932751.31178801 88932752.93230802 88932754.55282801 0.0 0.0 560.6710436009372 0.0 0.0 0.0
180.0 88932754.55282801 88932756.17334801 88932757.79386802 0.0 0.0 560.6710436009372 0.0 0.0 0.0
181.0 88932757.793868 88932759.414388 88932761.03490801 0.0 0.0 560.6710436009372 0.0 0.0 0.0
182.0 88932761.03490801 88932762.65542802 88932764.27594802 0.0 0.0 560.6710436009372 0.0 0.0 0.0
183.0 88932764.275948 88932765.89646801 88932767.51698801 0.0 0.0 560.6710436009372 0.0 0.0 0.0
184.0 88932767.51698801 88932769.137508 88932770.75802802 0.0 0.0 560.6710436009372 0.0 0.0 0.0
185.0 88932770.758028 88932772.378548 88932773.999068 0.0 0.0 560.6710436009372 0.0 0.0 0.0
186.0 88932773.999068 88932775.61958802 88932777.24010801 0.0 0.0 560.6710436009372 0.0 0.0 0.0
187.0 88932777.24010801 88932778.86062801 88932780.48114802 0.0 0.0 560.6710436009372 0.0 0.0 0.0
188.0 88932780.481148 88932782.101668 88932783.72218801 0.0 0.0 560.6710436009372 0.0 0.0 0.0
189.0 88932783.72218801 88932785.34270802 88932786.96322802 0.0 0.0 560.6710436009372 0.0 0.0 0.0
190.0 88932786.963228 88932788.58374801 88932790.20426801 0.0 0.0 560.6710436009372 0.0 0.0 0.0
191.0 88932790.20426801 88932791.824788 88932793.44530801 0.0 0.0 560.6710436009372 0.0 0.0 0.0
192.0 88932793.44530801 88932795.06582803 88932796.68634802 0.0 0.0 560.6710436009372 0.0 0.0 0.0
193.0 88932796.686348 88932798.30686802 88932799.92738801 0.0 0.0 560.6710436009372 0.0 0.0 0.0
194.0 88932799.92738801 88932801.54790801 88932803.16842802 0.0 0.0 560.6710436009372 0.0 0.0 0.0
195.0 88932803.168428 88932804.788948 88932806.40946801 0.0 0.0 560.6710436009372 0.0 0.0 0.0
196.0 88932806.40946801 88932808.02998802 88932809.65050802 0.0 0.0 560.6710436009372 0.0 0.0 0.0
197.0 88932809.650508 88932811.27102801 88932812.89154801 0.0 0.0 560.6710436009372 0.0 0.0 0.0
198.0 88932812.89154801 88932814.512068 88932816.13258801 0.0 0.0 560.6710436009372 0.0 0.0 0.0
199.0 88932816.13258801 88932817.75310802 88932819.37362802 0.0 0.0 560.6710436009372 0.0 0.0 0.0
200.0 88932819.373628 88932820.99414802 88932822.61466801 0.0 0.0 560.6710436009372 0.0 0.0 0.0
201.0 88932822.61466801 88932824.235188 88932825.85570802 0.0 0.0 560.6710436009372 0.0 0.0 0.0
202.0 88932825.855708 88932827.476228 88932829.09674801 0.0 0.0 560.6710436009372 0.0 0.0 0.0
203.0 88932829.09674801 88932830.71726802 88932832.33778802 0.0 0.0 560.6710436009372 0.0 0.0 0.0
204.0 88932832.337788 88932833.95830801 88932835.578828 0.0 0.0 560.6710436009372 0.0 0.0 0.0
205.0 88932835.578828 88932837.199348 88932838.81986801 0.0 0.0 560.6710436009372 0.0 0.0 0.0
206.0 88932838.81986801 88932840.44038802 88932842.06090802 0.0 0.0 560.6710436009372 0.0 0.0 0.0
207.0 88932842.060908 88932843.68142802 88932845.30194801 0.0 0.0 560.6710436009372 0.0 0.0 0.0
208.0 88932845.30194801 88932846.922468 88932848.54298802 0.0 0.0 560.6710436009372 1.061619559528535 0.0 0.0
209.0 88932848.542988 88932850.163508 88932851.78402801 0.0 0.0 560.6710436009372 2.138380446671897 0.0 0.0
210.0 88932851.78402801 88932853.40454802 88932855.02506801 0.0 0.0 560.6710436009372 1.0618558418564525 0.0 0.0
211.0 88932855.025068 88932856.64558801 88932858.266108 0.0 0.0 560.6710436009372 3.200000006200432 0.0 0.0
212.0 88932858.266108 88932859.886628 88932861.50714801 0.0 0.0 560.6710436009372 3.200000006200432 0.0 0.0
213.0 88932861.50714801 88932863.12766802 88932864.74818802 0.0 0.0 560.6710436009372 3.200000006200432 0.0 0.0
214.0 88932864.748188 88932866.36870801 88932867.98922801 0.0 0.0 560.6710436009372 3.200000006200432 0.0 0.0
215.0 88932867.98922801 88932869.609748 88932871.23026802 0.0 0.0 560.6710436009372 3.200000006200432 0.0 0.0
216.0 88932871.230268 88932872.850788 88932874.47130801 0.0 0.0 560.6710436009372 3.200000006200432 0.0 0.0
217.0 88932874.47130801 88932876.09182802 88932877.71234801 0.0 0.0 560.6710436009372 3.200000006200432 0.0 0.0
218.0 88932877.71234801 88932879.33286801 88932880.95338802 0.0 0.0 560.6710436009372 3.200000006200432 0.0 0.0
219.0 88932880.953388 88932882.573908 88932884.19442801 0.0 0.0 560.6710436009372 3.200000006200432 0.0 0.0
220.0 88932884.19442801 88932885.81494802 88932887.43546802 0.0 0.0 560.6710436009372 3.200000006200432 0.0 0.0
221.0 88932887.435468 88932889.05598801 88932890.67650801 0.0 0.0 560.6710436009372 3.200000006200432 0.0 0.0
222.0 88932890.67650801 88932892.297028 88932893.91754802 0.0 0.0 560.6710436009372 3.200000006200432 0.0 0.0
223.0 88932893.917548 88932895.538068 88932897.158588 0.0 0.0 560.6710436009372 3.200000006200432 0.0 0.0
224.0 88932897.158588 88932898.77910802 88932900.39962801 0.0 0.0 560.6710436009372 3.200000006200432 0.0 0.0
225.0 88932900.39962801 88932902.02014801 88932903.64066802 0.0 0.0 560.6710436009372 3.200000006200432 0.0 0.0
226.0 88932903.640668 88932905.261188 88932906.88170801 0.0 0.0 560.6710436009372 3.200000006200432 0.0 0.0
227.0 88932906.88170801 88932908.50222802 88932910.12274802 0.0 0.0 560.6710436009372 3.200000006200432 0.0 0.0
228.0 88932910.122748 88932911.74326801 88932913.36378801 0.0 0.0 560.6710436009372 3.200000006200432 0.0 0.0
229.0 88932913.36378801 88932914.984308 88932916.60482801 0.0 0.0 560.6710436009372 3.200000006200432 0.0 0.0
230.0 88932916.604828 88932918.225348 88932919.845868 0.0 0.0 560.6710436009372 3.200000006200432 0.0 0.0
231.0 88932919.845868 88932921.46638802 88932923.08690801 0.0 0.0 560.6710436009372 3.200000006200432 0.0 0.0
232.0 88932923.08690801 88932924.70742801 88932926.32794802 0.0 0.0 560.6710436009372 3.200000006200432 0.0 0.0
233.0 88932926.327948 88932927.948468 88932929.56898801 0.0 0.0 560.6710436009372 3.200000006200432 0.0 0.0
234.0 88932929.56898801 88932931.18950802 88932932.81002802 0.0 0.0 560.6710436009372 3.200000006200432 0.0 0.0
235.0 88932932.810028 88932934.43054801 88932936.05106801 0.0 0.0 560.6710436009372 3.200000006200432 0.0 0.0
236.0 88932936.05106801 88932937.671588 88932939.29210801 0.0 0.0 560.6710436009372 3.200000006200432 0.0 0.0
237.0 88932939.29210801 88932940.91262802 88932942.53314802 0.0 0.0 560.6710436009372 3.200000006200432 0.0 0.0
238.0 88932942.533148 88932944.15366802 88932945.77418801 0.0 0.0 560.6710436009372 3.200000006200432 0.0 0.0
239.0 88932945.77418801 88932947.39470801 88932949.01522802 0.0 0.0 560.6710436009372 3.200000006200432 0.0 0.0
240.0 88932949.015228 88932950.635748 88932952.25626801 0.0 0.0 560.6710436009372 3.200000006200432 0.0 0.0
241.0 88932952.25626801 88932953.87678802 88932955.49730802 0.0 0.0 560.6710436009372 3.200000006200432 0.0 0.0
242.0 88932955.497308 88932957.11782801 88932958.738348 0.0 0.0 560.6710436009372 3.200000006200432 0.0 0.0
243.0 88932958.738348 88932960.358868 88932961.97938801 0.0 0.0 560.6710436009372 3.200000006200432 0.0 0.0
244.0 88932961.97938801 88932963.59990802 88932965.22042802 0.0 0.0 560.6710436009372 3.200000006200432 0.0 0.0
245.0 88932965.220428 88932966.84094802 88932968.46146801 0.0 0.0 560.6710436009372 3.200000006200432 0.0 0.0
246.0 88932968.46146801 88932970.081988 88932971.70250802 0.0 0.0 560.6710436009372 3.200000006200432 0.0 0.0
247.0 88932971.702508 88932973.323028 88932974.94354801 0.0 0.0 560.6710436009372 3.200000006200432 0.0 0.0
248.0 88932974.94354801 88932976.56406802 88932978.18458802 0.0 0.0 560.6710436009372 3.200000006200432 0.0 0.0
249.0 88932978.184588 88932979.80510801 88932981.425628 0.0 0.0 560.6710436009372 3.200000006200432 0.0 0.0
250.0 88932981.425628 88932983.046148 88932984.66666801 0.0 0.0 560.6710436009372 3.200000006200432 0.0 0.0
251.0 88932984.66666801 88932986.28718802 88932987.90770802 0.0 0.0 560.6710436009372 3.200000006200432 0.0 0.0
252.0 88932987.907708 88932989.52822801 88932991.14874801 0.0 0.0 560.6710436009372 3.200000006200432 0.0 0.0
253.0 88932991.14874801 88932992.769268 88932994.38978802 0.0 0.0 560.6710436009372 3.200000006200432 0.0 0.0
254.0 88932994.389788 88932996.010308 88932997.63082801 0.0 0.0 560.6710436009372 3.200000006200432 0.0 0.0
255.0 88932997.63082801 88932999.25134802 88933000.87186801 0.0 0.0 560.6710436009372 3.200000006200432 0.0 0.0
256.0 88933000.87186801 88933002.49238801 88933004.11290802 0.0 0.0 560.6710436009372 3.200000006200432 0.0 0.0
257.0 88933004.112908 88933005.733428 88933007.35394801 0.0 0.0 560.6710436009372 3.200000006200432 0.0 0.0
258.0 88933007.35394801 88933008.97446802 88933010.59498802 0.0 0.0 560.6710436009372 3.200000006200432 0.0 0.0
259.0 88933010.594988 88933012.21550801 88933013.83602801 0.0 0.0 560.6710436009372 3.200000006200432 0.0 0.0
260.0 88933013.83602801 88933015.456548 88933017.07706802 0.0 0.0 560.6710436009372 3.200000006200432 0.0 0.0
261.0 88933017.077068 88933018.697588 88933020.318108 0.0 0.0 560.6710436009372 3.200000006200432 0.0 0.0
262.0 88933020.318108 88933021.93862802 88933023.55914801 0.0 0.0 560.6710436009372 3.200000006200432 0.0 0.0
263.0 88933023.55914801 88933025.17966801 88933026.80018802 0.0 0.0 560.6710436009372 3.200000006200432 0.0 0.0
264.0 88933026.800188 88933028.420708 88933030.04122801 0.0 0.0 560.6710436009372 3.200000006200432 0.0 0.0
265.0 88933030.04122801 88933031.66174802 88933033.28226802 0.0 0.0 560.6710436009372 3.200000006200432 0.0 0.0
266.0 88933033.282268 88933034.90278801 88933036.52330801 0.0 0.0 560.6710436009372 3.200000006200432 0.0 0.0
267.0 88933036.52330801 88933038.143828 88933039.76434802 0.0 0.0 560.6710436009372 3.200000006200432 0.0 0.0
268.0 88933039.764348 88933041.384868 88933043.005388 0.0 0.0 560.6710436009372 3.200000006200432 0.0 0.0
269.0 88933043.005388 88933044.62590802 88933046.24642801 0.0 0.0 560.6710436009372 3.200000006200432 0.0 0.0
270.0 88933046.24642801 88933047.86694801 88933049.48746802 0.0 0.0 560.6710436009372 3.200000006200432 0.0 0.0
271.0 88933049.487468 88933051.107988 88933052.72850801 0.0 0.0 560.6710436009372 3.200000006200432 0.0 0.0
272.0 88933052.72850801 88933054.34902802 88933055.96954802 0.0 0.0 560.6710436009372 3.200000006200432 0.0 0.0
273.0 88933055.969548 88933057.59006801 88933059.21058801 0.0 0.0 560.6710436009372 3.200000006200432 0.0 0.0
274.0 88933059.21058801 88933060.831108 88933062.45162801 0.0 0.0 560.6710436009372 3.200000006200432 0.0 0.0
275.0 88933062.45162801 88933064.07214803 88933065.69266802 0.0 0.0 560.6710436009372 3.200000006200432 0.0 0.0
276.0 88933065.692668 88933067.31318802 88933068.93370801 1.0 1.0 560.6710436009372 3.200000006200432 0.3124999993944891 0.3124999993944891
277.0 88933068.93370801 88933070.55422801 88933072.17474802 0.0 0.0 560.6710436009372 3.200000006200432 0.0 0.0
278.0 88933072.174748 88933073.795268 88933075.41578801 0.0 0.0 560.6710436009372 3.200000006200432 0.0 0.0
279.0 88933075.41578801 88933077.03630802 88933078.65682802 0.0 0.0 560.6710436009372 3.200000006200432 0.0 0.0
280.0 88933078.656828 88933080.27734801 88933081.897868 0.0 0.0 560.6710436009372 3.200000006200432 0.0 0.0
281.0 88933081.897868 88933083.518388 88933085.13890801 0.0 0.0 560.6710436009372 3.200000006200432 0.0 0.0
282.0 88933085.13890801 88933086.75942802 88933088.37994802 0.0 0.0 560.6710436009372 3.200000006200432 0.0 0.0
283.0 88933088.379948 88933090.00046802 88933091.62098801 0.0 0.0 560.6710436009372 3.200000006200432 0.0 0.0
284.0 88933091.62098801 88933093.241508 88933094.86202802 0.0 0.0 560.6710436009372 3.200000006200432 0.0 0.0
285.0 88933094.862028 88933096.482548 88933098.10306801 0.0 0.0 560.6710436009372 3.200000006200432 0.0 0.0
286.0 88933098.10306801 88933099.72358802 88933101.34410802 0.0 0.0 560.6710436009372 3.200000006200432 0.0 0.0
287.0 88933101.344108 88933102.96462801 88933104.585148 0.0 0.0 560.6710436009372 3.200000006200432 0.0 0.0
288.0 88933104.585148 88933106.205668 88933107.82618801 0.0 0.0 560.6710436009372 3.200000006200432 0.0 0.0
289.0 88933107.82618801 88933109.44670802 88933111.06722802 0.0 0.0 560.6710436009372 3.200000006200432 0.0 0.0
290.0 88933111.067228 88933112.68774801 88933114.30826801 0.0 0.0 560.6710436009372 3.200000006200432 0.0 0.0
291.0 88933114.30826801 88933115.928788 88933117.54930802 0.0 0.0 560.6710436009372 3.200000006200432 0.0 0.0
292.0 88933117.549308 88933119.169828 88933120.79034801 0.0 0.0 560.6710436009372 3.200000006200432 0.0 0.0
293.0 88933120.79034801 88933122.41086802 88933124.03138801 0.0 0.0 560.6710436009372 3.200000006200432 0.0 0.0
294.0 88933124.03138801 88933125.65190801 88933127.27242802 0.0 0.0 560.6710436009372 3.200000006200432 0.0 0.0
295.0 88933127.272428 88933128.892948 88933130.51346801 0.0 0.0 560.6710436009372 3.200000006200432 0.0 0.0
296.0 88933130.51346801 88933132.13398802 88933133.75450802 0.0 0.0 560.6710436009372 3.200000006200432 0.0 0.0
297.0 88933133.754508 88933135.37502801 88933136.99554801 0.0 0.0 560.6710436009372 3.200000006200432 0.0 0.0
298.0 88933136.99554801 88933138.616068 88933140.23658802 0.0 0.0 560.6710436009372 3.200000006200432 0.0 0.0
299.0 88933140.236588 88933141.857108 88933143.47762801 0.0 0.0 560.6710436009372 3.200000006200432 0.0 0.0
300.0 88933143.47762801 88933145.09814802 88933146.71866801 0.0 0.0 560.6710436009372 3.200000006200432 0.0 0.0
301.0 88933146.71866801 88933148.33918801 88933149.95970802 0.0 0.0 560.6710436009372 3.200000006200432 0.0 0.0
302.0 88933149.959708 88933151.580228 88933153.20074801 0.0 0.0 560.6710436009372 3.200000006200432 0.0 0.0
303.0 88933153.20074801 88933154.82126802 88933156.44178802 0.0 0.0 560.6710436009372 3.200000006200432 0.0 0.0
304.0 88933156.441788 88933158.06230801 88933159.68282801 0.0 0.0 560.6710436009372 3.200000006200432 0.0 0.0
305.0 88933159.68282801 88933161.303348 88933162.92386802 0.0 0.0 560.6710436009372 3.200000006200432 0.0 0.0
306.0 88933162.923868 88933164.544388 88933166.164908 0.0 0.0 560.6710436009372 3.200000006200432 0.0 0.0
307.0 88933166.164908 88933167.78542802 88933169.40594801 0.0 0.0 560.6710436009372 3.200000006200432 0.0 0.0
308.0 88933169.40594801 88933171.02646801 88933172.64698802 0.0 0.0 560.6710436009372 3.200000006200432 0.0 0.0
309.0 88933172.646988 88933174.267508 88933175.88802801 1.0 1.0 560.6710436009372 3.200000006200432 0.3124999993944891 0.3124999993944891
310.0 88933175.88802801 88933177.50854802 88933179.12906802 0.0 0.0 560.6710436009372 3.200000006200432 0.0 0.0
311.0 88933179.129068 88933180.74958801 88933182.37010801 0.0 0.0 560.6710436009372 3.200000006200432 0.0 0.0
312.0 88933182.37010801 88933183.990628 88933185.61114801 0.0 0.0 560.6710436009372 3.200000006200432 0.0 0.0
313.0 88933185.61114801 88933187.23166803 88933188.85218802 0.0 0.0 560.6710436009372 3.200000006200432 0.0 0.0
314.0 88933188.852188 88933190.47270802 88933192.09322801 0.0 0.0 560.6710436009372 3.200000006200432 0.0 0.0
315.0 88933192.09322801 88933193.71374801 88933195.33426802 0.0 0.0 560.6710436009372 3.200000006200432 0.0 0.0
316.0 88933195.334268 88933196.954788 88933198.57530801 0.0 0.0 560.6710436009372 3.200000006200432 0.0 0.0
317.0 88933198.57530801 88933200.19582802 88933201.81634802 0.0 0.0 560.6710436009372 3.200000006200432 0.0 0.0
318.0 88933201.816348 88933203.43686801 88933205.05738801 0.0 0.0 560.6710436009372 3.200000006200432 0.0 0.0
319.0 88933205.05738801 88933206.677908 88933208.29842801 0.0 0.0 560.6710436009372 3.200000006200432 0.0 0.0
320.0 88933208.29842801 88933209.91894802 88933211.53946802 0.0 0.0 560.6710436009372 3.200000006200432 0.0 0.0
321.0 88933211.539468 88933213.15998802 88933214.78050801 0.0 0.0 560.6710436009372 3.200000006200432 0.0 0.0
322.0 88933214.78050801 88933216.401028 88933218.02154802 0.0 0.0 560.6710436009372 3.200000006200432 0.0 0.0
323.0 88933218.021548 88933219.642068 88933221.26258801 0.0 0.0 560.6710436009372 3.200000006200432 0.0 0.0
324.0 88933221.26258801 88933222.88310802 88933224.50362802 0.0 0.0 560.6710436009372 3.200000006200432 0.0 0.0
325.0 88933224.503628 88933226.12414801 88933227.744668 0.0 0.0 560.6710436009372 3.200000006200432 0.0 0.0
326.0 88933227.744668 88933229.365188 88933230.98570801 0.0 0.0 560.6710436009372 3.200000006200432 0.0 0.0
327.0 88933230.98570801 88933232.60622802 88933234.22674802 0.0 0.0 560.6710436009372 3.200000006200432 0.0 0.0
328.0 88933234.226748 88933235.84726802 88933237.46778801 0.0 0.0 560.6710436009372 3.200000006200432 0.0 0.0
329.0 88933237.46778801 88933239.088308 88933240.70882802 0.0 0.0 560.6710436009372 3.200000006200432 0.0 0.0
330.0 88933240.708828 88933242.329348 88933243.94986801 0.0 0.0 560.6710436009372 3.200000006200432 0.0 0.0
331.0 88933243.94986801 88933245.57038802 88933247.19090801 0.0 0.0 560.6710436009372 3.200000006200432 0.0 0.0
332.0 88933247.19090801 88933248.81142801 88933250.43194802 0.0 0.0 560.6710436009372 3.200000006200432 0.0 0.0
333.0 88933250.431948 88933252.052468 88933253.67298801 0.0 0.0 560.6710436009372 3.200000006200432 0.0 0.0
334.0 88933253.67298801 88933255.29350802 88933256.91402802 0.0 0.0 560.6710436009372 3.200000006200432 0.0 0.0
335.0 88933256.914028 88933258.53454801 88933260.15506801 0.0 0.0 560.6710436009372 3.200000006200432 0.0 0.0
336.0 88933260.15506801 88933261.775588 88933263.39610802 0.0 0.0 560.6710436009372 3.200000006200432 0.0 0.0
337.0 88933263.396108 88933265.016628 88933266.63714801 0.0 0.0 560.6710436009372 3.200000006200432 0.0 0.0
338.0 88933266.63714801 88933268.25766802 88933269.87818801 0.0 0.0 560.6710436009372 3.200000006200432 0.0 0.0
339.0 88933269.87818801 88933271.49870801 88933273.11922802 0.0 0.0 560.6710436009372 3.200000006200432 0.0 0.0
340.0 88933273.119228 88933274.739748 88933276.36026801 0.0 0.0 560.6710436009372 3.200000006200432 0.0 0.0
341.0 88933276.36026801 88933277.98078802 88933279.60130802 0.0 0.0 560.6710436009372 3.200000006200432 0.0 0.0
342.0 88933279.601308 88933281.22182801 88933282.84234801 0.0 0.0 560.6710436009372 3.200000006200432 0.0 0.0
343.0 88933282.84234801 88933284.462868 88933286.08338802 0.0 0.0 560.6710436009372 3.200000006200432 0.0 0.0
344.0 88933286.083388 88933287.703908 88933289.324428 0.0 0.0 560.6710436009372 3.200000006200432 0.0 0.0
345.0 88933289.324428 88933290.94494802 88933292.56546801 0.0 0.0 560.6710436009372 3.200000006200432 0.0 0.0
346.0 88933292.56546801 88933294.18598801 88933295.80650802 0.0 0.0 560.6710436009372 3.200000006200432 0.0 0.0
347.0 88933295.806508 88933297.427028 88933299.04754801 0.0 0.0 560.6710436009372 3.200000006200432 0.0 0.0
348.0 88933299.04754801 88933300.66806802 88933302.28858802 0.0 0.0 560.6710436009372 3.200000006200432 0.0 0.0
349.0 88933302.288588 88933303.90910801 88933305.52962801 0.0 0.0 560.6710436009372 3.200000006200432 0.0 0.0
350.0 88933305.52962801 88933307.150148 88933308.77066801 0.0 0.0 560.6710436009372 3.200000006200432 0.0 0.0
351.0 88933308.770668 88933310.391188 88933312.011708 0.0 0.0 560.6710436009372 3.200000006200432 0.0 0.0
352.0 88933312.011708 88933313.63222802 88933315.25274801 0.0 0.0 560.6710436009372 3.200000006200432 0.0 0.0
353.0 88933315.25274801 88933316.87326801 88933318.49378802 0.0 0.0 560.6710436009372 3.200000006200432 0.0 0.0
354.0 88933318.493788 88933320.114308 88933321.73482801 0.0 0.0 560.6710436009372 3.200000006200432 0.0 0.0
355.0 88933321.73482801 88933323.35534802 88933324.97586802 0.0 0.0 560.6710436009372 3.200000006200432 0.0 0.0
356.0 88933324.975868 88933326.59638801 88933328.21690801 0.0 0.0 560.6710436009372 3.200000006200432 0.0 0.0
357.0 88933328.21690801 88933329.837428 88933331.45794801 0.0 0.0 560.6710436009372 3.200000006200432 0.0 0.0
358.0 88933331.45794801 88933333.07846802 88933334.69898802 0.0 0.0 560.6710436009372 3.200000006200432 0.0 0.0
359.0 88933334.698988 88933336.31950802 88933337.94002801 0.0 0.0 560.6710436009372 3.200000006200432 0.0 0.0
360.0 88933337.94002801 88933339.56054801 88933341.18106802 0.0 0.0 560.6710436009372 3.200000006200432 0.0 0.0
361.0 88933341.181068 88933342.801588 88933344.42210801 0.0 0.0 560.6710436009372 3.200000006200432 0.0 0.0
362.0 88933344.42210801 88933346.04262802 88933347.66314802 0.0 0.0 560.6710436009372 3.200000006200432 0.0 0.0
363.0 88933347.663148 88933349.28366801 88933350.904188 0.0 0.0 560.6710436009372 3.200000006200432 0.0 0.0
364.0 88933350.904188 88933352.524708 88933354.14522801 0.0 0.0 560.6710436009372 3.200000006200432 0.0 0.0
365.0 88933354.14522801 88933355.76574802 88933357.38626802 0.0 0.0 560.6710436009372 3.200000006200432 0.0 0.0
366.0 88933357.386268 88933359.00678802 88933360.62730801 0.0 0.0 560.6710436009372 3.200000006200432 0.0 0.0
367.0 88933360.62730801 88933362.247828 88933363.86834802 0.0 0.0 560.6710436009372 3.200000006200432 0.0 0.0
368.0 88933363.868348 88933365.488868 88933367.10938801 0.0 0.0 560.6710436009372 3.200000006200432 0.0 0.0
369.0 88933367.10938801 88933368.72990802 88933370.35042801 0.0 0.0 560.6710436009372 3.200000006200432 0.0 0.0
370.0 88933370.350428 88933371.97094801 88933373.591468 0.0 0.0 560.6710436009372 3.200000006200432 0.0 0.0
371.0 88933373.591468 88933375.211988 88933376.83250801 0.0 0.0 560.6710436009372 3.200000006200432 0.0 0.0
372.0 88933376.83250801 88933378.45302802 88933380.07354802 0.0 0.0 560.6710436009372 3.200000006200432 0.0 0.0
373.0 88933380.073548 88933381.69406801 88933383.31458801 0.0 0.0 560.6710436009372 3.200000006200432 0.0 0.0
374.0 88933383.31458801 88933384.935108 88933386.55562802 0.0 0.0 560.6710436009372 3.200000006200432 0.0 0.0
375.0 88933386.555628 88933388.176148 88933389.79666801 0.0 0.0 560.6710436009372 3.200000006200432 0.0 0.0
376.0 88933389.79666801 88933391.41718802 88933393.03770801 0.0 0.0 560.6710436009372 3.200000006200432 0.0 0.0
377.0 88933393.03770801 88933394.65822801 88933396.27874802 0.0 0.0 560.6710436009372 3.200000006200432 0.0 0.0
378.0 88933396.278748 88933397.899268 88933399.51978801 0.0 0.0 560.6710436009372 3.200000006200432 0.0 0.0
379.0 88933399.51978801 88933401.14030802 88933402.76082802 0.0 0.0 560.6710436009372 3.200000006200432 0.0 0.0
380.0 88933402.760828 88933404.38134801 88933406.00186801 0.0 0.0 560.6710436009372 3.200000006200432 0.0 0.0
381.0 88933406.00186801 88933407.622388 88933409.24290802 0.0 0.0 560.6710436009372 3.200000006200432 0.0 0.0
382.0 88933409.242908 88933410.863428 88933412.483948 0.0 0.0 560.6710436009372 3.200000006200432 0.0 0.0
383.0 88933412.483948 88933414.10446802 88933415.72498801 0.0 0.0 560.6710436009372 3.200000006200432 0.0 0.0
384.0 88933415.72498801 88933417.34550801 88933418.96602802 0.0 0.0 560.6710436009372 3.200000006200432 0.0 0.0
385.0 88933418.966028 88933420.586548 88933422.20706801 0.0 0.0 560.6710436009372 3.200000006200432 0.0 0.0
386.0 88933422.20706801 88933423.82758802 88933425.44810802 0.0 0.0 560.6710436009372 3.200000006200432 0.0 0.0
387.0 88933425.448108 88933427.06862801 88933428.68914801 0.0 0.0 560.6710436009372 3.200000006200432 0.0 0.0
388.0 88933428.68914801 88933430.309668 88933431.93018802 0.0 0.0 560.6710436009372 3.200000006200432 0.0 0.0
389.0 88933431.930188 88933433.550708 88933435.171228 0.0 0.0 560.6710436009372 3.200000006200432 0.0 0.0
390.0 88933435.171228 88933436.79174802 88933438.41226801 0.0 0.0 560.6710436009372 3.200000006200432 0.0 0.0
391.0 88933438.41226801 88933440.03278801 88933441.65330802 0.0 0.0 560.6710436009372 3.200000006200432 0.0 0.0
392.0 88933441.653308 88933443.273828 88933444.89434801 0.0 0.0 560.6710436009372 3.200000006200432 0.0 0.0
393.0 88933444.89434801 88933446.51486802 88933448.13538802 0.0 0.0 560.6710436009372 3.200000006200432 0.0 0.0
394.0 88933448.135388 88933449.75590801 88933451.37642801 0.0 0.0 560.6710436009372 3.200000006200432 0.0 0.0
395.0 88933451.37642801 88933452.996948 88933454.61746801 0.0 0.0 560.6710436009372 3.200000006200432 0.0 0.0
396.0 88933454.61746801 88933456.23798802 88933457.85850802 0.0 0.0 560.6710436009372 3.200000006200432 0.0 0.0
397.0 88933457.858508 88933459.47902802 88933461.09954801 0.0 0.0 560.6710436009372 3.200000006200432 0.0 0.0
398.0 88933461.09954801 88933462.72006801 88933464.34058802 0.0 0.0 560.6710436009372 3.200000006200432 0.0 0.0
399.0 88933464.340588 88933465.961108 88933467.58162801 0.0 0.0 560.6710436009372 3.200000006200432 0.0 0.0
400.0 88933467.58162801 88933469.20214802 88933470.82266802 0.0 0.0 560.6710436009372 3.200000006200432 0.0 0.0
401.0 88933470.822668 88933472.44318801 88933474.063708 0.0 0.0 560.6710436009372 3.200000006200432 0.0 0.0
402.0 88933474.063708 88933475.684228 88933477.30474801 0.0 0.0 560.6710436009372 3.200000006200432 0.0 0.0
403.0 88933477.30474801 88933478.92526802 88933480.54578802 0.0 0.0 560.6710436009372 3.200000006200432 0.0 0.0
404.0 88933480.545788 88933482.16630802 88933483.78682801 0.0 0.0 560.6710436009372 3.200000006200432 0.0 0.0
405.0 88933483.78682801 88933485.407348 88933487.02786802 0.0 0.0 560.6710436009372 3.200000006200432 0.0 0.0
406.0 88933487.027868 88933488.648388 88933490.26890801 0.0 0.0 560.6710436009372 3.200000006200432 0.0 0.0
407.0 88933490.26890801 88933491.88942802 88933493.50994802 0.0 0.0 560.6710436009372 3.200000006200432 0.0 0.0
408.0 88933493.509948 88933495.13046801 88933496.750988 0.0 0.0 560.6710436009372 3.200000006200432 0.0 0.0
409.0 88933496.750988 88933498.371508 88933499.99202801 0.0 0.0 560.6710436009372 3.200000006200432 0.0 0.0
410.0 88933499.99202801 88933501.61254802 88933503.23306802 0.0 0.0 560.6710436009372 3.200000006200432 0.0 0.0
411.0 88933503.233068 88933504.85358801 88933506.47410801 0.0 0.0 560.6710436009372 3.200000006200432 0.0 0.0
412.0 88933506.47410801 88933508.094628 88933509.71514802 0.0 0.0 560.6710436009372 3.200000006200432 0.0 0.0
413.0 88933509.715148 88933511.335668 88933512.95618801 0.0 0.0 560.6710436009372 3.200000006200432 0.0 0.0
414.0 88933512.95618801 88933514.57670802 88933516.19722801 0.0 0.0 560.6710436009372 3.200000006200432 0.0 0.0
415.0 88933516.19722801 88933517.81774801 88933519.43826802 0.0 0.0 560.6710436009372 3.200000006200432 0.0 0.0
416.0 88933519.438268 88933521.058788 88933522.67930801 0.0 0.0 560.6710436009372 3.200000006200432 0.0 0.0
417.0 88933522.67930801 88933524.29982802 88933525.92034802 0.0 0.0 560.6710436009372 3.200000006200432 0.0 0.0
418.0 88933525.920348 88933527.54086801 88933529.16138801 0.0 0.0 560.6710436009372 3.200000006200432 0.0 0.0
419.0 88933529.16138801 88933530.781908 88933532.40242802 0.0 0.0 560.6710436009372 3.200000006200432 0.0 0.0
420.0 88933532.402428 88933534.022948 88933535.643468 0.0 0.0 560.6710436009372 3.200000006200432 0.0 0.0
421.0 88933535.643468 88933537.26398802 88933538.88450801 0.0 0.0 560.6710436009372 3.200000006200432 0.0 0.0
422.0 88933538.88450801 88933540.50502801 88933542.12554802 0.0 0.0 560.6710436009372 3.200000006200432 0.0 0.0
423.0 88933542.125548 88933543.746068 88933545.36658801 0.0 0.0 560.6710436009372 3.200000006200432 0.0 0.0
424.0 88933545.36658801 88933546.98710802 88933548.60762802 0.0 0.0 560.6710436009372 3.200000006200432 0.0 0.0
425.0 88933548.607628 88933550.22814801 88933551.84866801 1.0 1.0 560.6710436009372 3.200000006200432 0.3124999993944891 0.3124999993944891
426.0 88933551.84866801 88933553.469188 88933555.08970802 0.0 0.0 560.6710436009372 3.200000006200432 0.0 0.0
427.0 88933555.089708 88933556.710228 88933558.330748 0.0 0.0 560.6710436009372 3.200000006200432 0.0 0.0
428.0 88933558.330748 88933559.95126802 88933561.57178801 0.0 0.0 560.6710436009372 3.200000006200432 0.0 0.0
429.0 88933561.57178801 88933563.19230801 88933564.81282802 0.0 0.0 560.6710436009372 3.200000006200432 0.0 0.0
430.0 88933564.812828 88933566.433348 88933568.05386801 0.0 0.0 560.6710436009372 3.200000006200432 0.0 0.0
431.0 88933568.05386801 88933569.67438802 88933571.29490802 0.0 0.0 560.6710436009372 3.200000006200432 0.0 0.0
432.0 88933571.294908 88933572.91542801 88933574.53594801 0.0 0.0 560.6710436009372 3.200000006200432 0.0 0.0
433.0 88933574.53594801 88933576.156468 88933577.77698801 0.0 0.0 560.6710436009372 3.200000006200432 0.0 0.0
434.0 88933577.77698801 88933579.39750803 88933581.01802802 0.0 0.0 560.6710436009372 3.200000006200432 0.0 0.0
435.0 88933581.018028 88933582.63854802 88933584.25906801 0.0 0.0 560.6710436009372 3.200000006200432 0.0 0.0
436.0 88933584.25906801 88933585.87958801 88933587.50010802 0.0 0.0 560.6710436009372 3.200000006200432 0.0 0.0
437.0 88933587.500108 88933589.120628 88933590.74114801 0.0 0.0 560.6710436009372 3.200000006200432 0.0 0.0
438.0 88933590.74114801 88933592.36166802 88933593.98218802 0.0 0.0 560.6710436009372 3.200000006200432 0.0 0.0
439.0 88933593.982188 88933595.60270801 88933597.22322801 0.0 0.0 560.6710436009372 3.200000006200432 0.0 0.0
440.0 88933597.22322801 88933598.843748 88933600.46426801 0.0 0.0 560.6710436009372 3.200000006200432 0.0 0.0
441.0 88933600.46426801 88933602.08478802 88933603.70530802 0.0 0.0 560.6710436009372 3.200000006200432 0.0 0.0
442.0 88933603.705308 88933605.32582802 88933606.94634801 0.0 0.0 560.6710436009372 3.200000006200432 0.0 0.0
443.0 88933606.94634801 88933608.566868 88933610.18738802 0.0 0.0 560.6710436009372 3.200000006200432 0.0 0.0
444.0 88933610.187388 88933611.807908 88933613.42842801 0.0 0.0 560.6710436009372 3.200000006200432 0.0 0.0
445.0 88933613.42842801 88933615.04894802 88933616.66946802 0.0 0.0 560.6710436009372 3.200000006200432 0.0 0.0
446.0 88933616.669468 88933618.28998801 88933619.910508 0.0 0.0 560.6710436009372 3.200000006200432 0.0 0.0
447.0 88933619.910508 88933621.531028 88933623.15154801 0.0 0.0 560.6710436009372 3.200000006200432 0.0 0.0
448.0 88933623.15154801 88933624.77206802 88933626.39258802 0.0 0.0 560.6710436009372 3.200000006200432 0.0 0.0
449.0 88933626.392588 88933628.01310802 88933629.63362801 0.0 0.0 560.6710436009372 3.200000006200432 0.0 0.0
450.0 88933629.63362801 88933631.254148 88933632.87466802 0.0 0.0 560.6710436009372 3.200000006200432 0.0 0.0
451.0 88933632.874668 88933634.495188 88933636.11570801 0.0 0.0 560.6710436009372 3.200000006200432 0.0 0.0
452.0 88933636.11570801 88933637.73622802 88933639.35674801 0.0 0.0 560.6710436009372 3.200000006200432 0.0 0.0
453.0 88933639.35674801 88933640.97726801 88933642.59778802 0.0 0.0 560.6710436009372 3.200000006200432 0.0 0.0
454.0 88933642.597788 88933644.218308 88933645.83882801 0.0 0.0 560.6710436009372 3.200000006200432 0.0 0.0
455.0 88933645.83882801 88933647.45934802 88933649.07986802 0.0 0.0 560.6710436009372 3.200000006200432 0.0 0.0
456.0 88933649.079868 88933650.70038801 88933652.32090801 0.0 0.0 560.6710436009372 3.200000006200432 0.0 0.0
457.0 88933652.32090801 88933653.941428 88933655.56194802 0.0 0.0 560.6710436009372 3.200000006200432 0.0 0.0
458.0 88933655.561948 88933657.182468 88933658.80298801 0.0 0.0 560.6710436009372 3.200000006200432 0.0 0.0
459.0 88933658.80298801 88933660.42350802 88933662.04402801 0.0 0.0 560.6710436009372 3.200000006200432 0.0 0.0
460.0 88933662.04402801 88933663.66454801 88933665.28506802 0.0 0.0 560.6710436009372 3.200000006200432 0.0 0.0
461.0 88933665.285068 88933666.905588 88933668.52610801 0.0 0.0 560.6710436009372 3.200000006200432 0.0 0.0
462.0 88933668.52610801 88933670.14662802 88933671.76714802 0.0 0.0 560.6710436009372 3.200000006200432 0.0 0.0
463.0 88933671.767148 88933673.38766801 88933675.00818801 0.0 0.0 560.6710436009372 3.200000006200432 0.0 0.0
464.0 88933675.00818801 88933676.628708 88933678.24922802 0.0 0.0 560.6710436009372 3.200000006200432 0.0 0.0
465.0 88933678.249228 88933679.869748 88933681.490268 0.0 0.0 560.6710436009372 3.200000006200432 0.0 0.0
466.0 88933681.490268 88933683.11078802 88933684.73130801 0.0 0.0 560.6710436009372 3.200000006200432 0.0 0.0
467.0 88933684.73130801 88933686.35182801 88933687.97234802 0.0 0.0 560.6710436009372 3.200000006200432 0.0 0.0
468.0 88933687.972348 88933689.592868 88933691.21338801 0.0 0.0 560.6710436009372 3.200000006200432 0.0 0.0
469.0 88933691.21338801 88933692.83390802 88933694.45442802 0.0 0.0 560.6710436009372 3.200000006200432 0.0 0.0
470.0 88933694.454428 88933696.07494801 88933697.69546801 0.0 0.0 560.6710436009372 3.200000006200432 0.0 0.0
471.0 88933697.69546801 88933699.315988 88933700.93650801 0.0 0.0 560.6710436009372 3.200000006200432 0.0 0.0
472.0 88933700.93650801 88933702.55702803 88933704.17754802 0.0 0.0 560.6710436009372 3.200000006200432 0.0 0.0
473.0 88933704.177548 88933705.79806802 88933707.41858801 0.0 0.0 560.6710436009372 3.200000006200432 0.0 0.0
474.0 88933707.41858801 88933709.03910801 88933710.65962802 0.0 0.0 560.6710436009372 3.200000006200432 0.0 0.0
475.0 88933710.659628 88933712.280148 88933713.90066801 0.0 0.0 560.6710436009372 3.200000006200432 0.0 0.0
476.0 88933713.90066801 88933715.52118802 88933717.14170802 0.0 0.0 560.6710436009372 3.200000006200432 0.0 0.0
477.0 88933717.141708 88933718.76222801 88933720.38274801 0.0 0.0 560.6710436009372 3.200000006200432 0.0 0.0
478.0 88933720.38274801 88933722.003268 88933723.62378801 0.0 0.0 560.6710436009372 3.200000006200432 0.0 0.0
479.0 88933723.62378801 88933725.24430802 88933726.86482802 0.0 0.0 560.6710436009372 3.200000006200432 0.0 0.0
480.0 88933726.864828 88933728.48534802 88933730.10586801 0.0 0.0 560.6710436009372 3.200000006200432 0.0 0.0
481.0 88933730.10586801 88933731.726388 88933733.34690802 0.0 0.0 560.6710436009372 3.200000006200432 0.0 0.0
482.0 88933733.346908 88933734.967428 88933736.58794801 0.0 0.0 560.6710436009372 3.200000006200432 0.0 0.0
483.0 88933736.58794801 88933738.20846802 88933739.82898802 0.0 0.0 560.6710436009372 3.200000006200432 0.0 0.0
484.0 88933739.828988 88933741.44950801 88933743.070028 0.0 0.0 560.6710436009372 3.200000006200432 0.0 0.0
485.0 88933743.070028 88933744.690548 88933746.31106801 0.0 0.0 560.6710436009372 3.200000006200432 0.0 0.0
486.0 88933746.31106801 88933747.93158802 88933749.55210802 0.0 0.0 560.6710436009372 3.200000006200432 0.0 0.0
487.0 88933749.552108 88933751.17262802 88933752.79314801 0.0 0.0 560.6710436009372 3.200000006200432 0.0 0.0
488.0 88933752.79314801 88933754.413668 88933756.03418802 0.0 0.0 560.6710436009372 3.200000006200432 0.0 0.0
489.0 88933756.034188 88933757.654708 88933759.27522801 0.0 0.0 560.6710436009372 3.200000006200432 0.0 0.0
490.0 88933759.27522801 88933760.89574802 88933762.51626801 0.0 0.0 560.6710436009372 3.200000006200432 0.0 0.0
491.0 88933762.516268 88933764.13678801 88933765.757308 0.0 0.0 560.6710436009372 3.200000006200432 0.0 0.0
492.0 88933765.757308 88933767.377828 88933768.99834801 0.0 0.0 560.6710436009372 3.200000006200432 0.0 0.0
493.0 88933768.99834801 88933770.61886802 88933772.23938802 0.0 0.0 560.6710436009372 3.200000006200432 0.0 0.0
494.0 88933772.239388 88933773.85990801 88933775.48042801 0.0 0.0 560.6710436009372 3.200000006200432 0.0 0.0
495.0 88933775.48042801 88933777.100948 88933778.72146802 0.0 0.0 560.6710436009372 3.200000006200432 0.0 0.0
496.0 88933778.721468 88933780.341988 88933781.96250801 0.0 0.0 560.6710436009372 3.200000006200432 0.0 0.0
497.0 88933781.96250801 88933783.58302802 88933785.20354801 0.0 0.0 560.6710436009372 3.200000006200432 0.0 0.0
498.0 88933785.20354801 88933786.82406801 88933788.44458802 0.0 0.0 560.6710436009372 3.200000006200432 0.0 0.0
499.0 88933788.444588 88933790.065108 88933791.68562801 0.0 0.0 560.6710436009372 3.200000006200432 0.0 0.0
500.0 88933791.68562801 88933793.30614802 88933794.92666802 0.0 0.0 560.6710436009372 3.200000006200432 0.0 0.0
501.0 88933794.926668 88933796.54718801 88933798.16770801 0.0 0.0 560.6710436009372 3.200000006200432 0.0 0.0
502.0 88933798.16770801 88933799.788228 88933801.40874802 0.0 0.0 560.6710436009372 3.200000006200432 0.0 0.0
503.0 88933801.408748 88933803.029268 88933804.649788 0.0 0.0 560.6710436009372 3.200000006200432 0.0 0.0
504.0 88933804.649788 88933806.27030802 88933807.89082801 0.0 0.0 560.6710436009372 3.200000006200432 0.0 0.0
505.0 88933807.89082801 88933809.51134801 88933811.13186802 0.0 0.0 560.6710436009372 3.200000006200432 0.0 0.0
506.0 88933811.131868 88933812.752388 88933814.37290801 0.0 0.0 560.6710436009372 3.200000006200432 0.0 0.0
507.0 88933814.37290801 88933815.99342802 88933817.61394802 0.0 0.0 560.6710436009372 3.200000006200432 0.0 0.0
508.0 88933817.613948 88933819.23446801 88933820.85498801 0.0 0.0 560.6710436009372 3.200000006200432 0.0 0.0
509.0 88933820.85498801 88933822.475508 88933824.09602802 0.0 0.0 560.6710436009372 3.200000006200432 0.0 0.0
510.0 88933824.096028 88933825.716548 88933827.337068 0.0 0.0 560.6710436009372 3.200000006200432 0.0 0.0
511.0 88933827.337068 88933828.95758802 88933830.57810801 0.0 0.0 560.6710436009372 3.200000006200432 0.0 0.0
512.0 88933830.57810801 88933832.19862801 88933833.81914802 0.0 0.0 560.6710436009372 3.200000006200432 0.0 0.0
513.0 88933833.819148 88933835.439668 88933837.06018801 0.0 0.0 560.6710436009372 3.200000006200432 0.0 0.0
514.0 88933837.06018801 88933838.68070802 88933840.30122802 0.0 0.0 560.6710436009372 3.200000006200432 0.0 0.0
515.0 88933840.301228 88933841.92174801 88933843.54226801 0.0 0.0 560.6710436009372 3.200000006200432 0.0 0.0
516.0 88933843.54226801 88933845.162788 88933846.78330801 0.0 0.0 560.6710436009372 3.200000006200432 0.0 0.0
517.0 88933846.78330801 88933848.40382802 88933850.02434802 0.0 0.0 560.6710436009372 3.200000006200432 0.0 0.0
518.0 88933850.024348 88933851.64486802 88933853.26538801 0.0 0.0 560.6710436009372 3.200000006200432 0.0 0.0
519.0 88933853.26538801 88933854.88590801 88933856.50642802 0.0 0.0 560.6710436009372 3.200000006200432 0.0 0.0
520.0 88933856.506428 88933858.126948 88933859.74746801 0.0 0.0 560.6710436009372 3.200000006200432 0.0 0.0
521.0 88933859.74746801 88933861.36798802 88933862.98850802 0.0 0.0 560.6710436009372 3.200000006200432 0.0 0.0
522.0 88933862.988508 88933864.60902801 88933866.229548 0.0 0.0 560.6710436009372 3.200000006200432 0.0 0.0
523.0 88933866.229548 88933867.850068 88933869.47058801 0.0 0.0 560.6710436009372 3.200000006200432 0.0 0.0
524.0 88933869.47058801 88933871.09110802 88933872.71162802 0.0 0.0 560.6710436009372 3.200000006200432 0.0 0.0
525.0 88933872.711628 88933874.33214802 88933875.95266801 0.0 0.0 560.6710436009372 3.200000006200432 0.0 0.0
526.0 88933875.95266801 88933877.573188 88933879.19370802 0.0 0.0 560.6710436009372 3.200000006200432 0.0 0.0
527.0 88933879.193708 88933880.814228 88933882.43474801 0.0 0.0 560.6710436009372 3.200000006200432 0.0 0.0
528.0 88933882.43474801 88933884.05526802 88933885.67578802 0.0 0.0 560.6710436009372 3.200000006200432 0.0 0.0
529.0 88933885.675788 88933887.29630801 88933888.916828 0.0 0.0 560.6710436009372 3.200000006200432 0.0 0.0
530.0 88933888.916828 88933890.537348 88933892.15786801 0.0 0.0 560.6710436009372 3.200000006200432 0.0 0.0
531.0 88933892.15786801 88933893.77838802 88933895.39890802 0.0 0.0 560.6710436009372 3.200000006200432 0.0 0.0
532.0 88933895.398908 88933897.01942801 88933898.63994801 0.0 0.0 560.6710436009372 3.200000006200432 0.0 0.0
533.0 88933898.63994801 88933900.260468 88933901.88098802 0.0 0.0 560.6710436009372 3.200000006200432 0.0 0.0
534.0 88933901.880988 88933903.501508 88933905.12202801 0.0 0.0 560.6710436009372 3.200000006200432 0.0 0.0
535.0 88933905.12202801 88933906.74254802 88933908.36306801 0.0 0.0 560.6710436009372 3.200000006200432 0.0 0.0
536.0 88933908.36306801 88933909.98358801 88933911.60410802 0.0 0.0 560.6710436009372 3.200000006200432 0.0 0.0
537.0 88933911.604108 88933913.224628 88933914.84514801 0.0 0.0 560.6710436009372 3.200000006200432 0.0 0.0
538.0 88933914.84514801 88933916.46566802 88933918.08618802 0.0 0.0 560.6710436009372 3.200000006200432 0.0 0.0
539.0 88933918.086188 88933919.70670801 88933921.32722801 0.0 0.0 560.6710436009372 3.200000006200432 0.0 0.0
540.0 88933921.32722801 88933922.947748 88933924.56826802 0.0 0.0 560.6710436009372 3.200000006200432 0.0 0.0
541.0 88933924.568268 88933926.188788 88933927.809308 0.0 0.0 560.6710436009372 3.200000006200432 0.0 0.0
542.0 88933927.809308 88933929.42982802 88933931.05034801 0.0 0.0 560.6710436009372 3.200000006200432 0.0 0.0
543.0 88933931.05034801 88933932.67086801 88933934.29138802 0.0 0.0 560.6710436009372 3.200000006200432 0.0 0.0
544.0 88933934.291388 88933935.911908 88933937.53242801 0.0 0.0 560.6710436009372 3.200000006200432 0.0 0.0
545.0 88933937.53242801 88933939.15294802 88933940.77346802 0.0 0.0 560.6710436009372 3.200000006200432 0.0 0.0
546.0 88933940.773468 88933942.39398801 88933944.01450801 0.0 0.0 560.6710436009372 3.200000006200432 0.0 0.0
547.0 88933944.01450801 88933945.635028 88933947.25554802 0.0 0.0 560.6710436009372 3.200000006200432 0.0 0.0
548.0 88933947.255548 88933948.876068 88933950.496588 0.0 0.0 560.6710436009372 3.200000006200432 0.0 0.0
549.0 88933950.496588 88933952.11710802 88933953.73762801 0.0 0.0 560.6710436009372 3.200000006200432 0.0 0.0
550.0 88933953.73762801 88933955.35814801 88933956.97866802 0.0 0.0 560.6710436009372 3.200000006200432 0.0 0.0
551.0 88933956.978668 88933958.599188 88933960.21970801 0.0 0.0 560.6710436009372 3.200000006200432 0.0 0.0
552.0 88933960.21970801 88933961.84022802 88933963.46074802 0.0 0.0 560.6710436009372 3.200000006200432 0.0 0.0
553.0 88933963.460748 88933965.08126801 88933966.70178801 0.0 0.0 560.6710436009372 3.200000006200432 0.0 0.0
554.0 88933966.70178801 88933968.322308 88933969.94282801 0.0 0.0 560.6710436009372 3.200000006200432 0.0 0.0
555.0 88933969.94282801 88933971.56334803 88933973.18386802 0.0 0.0 560.6710436009372 3.200000006200432 0.0 0.0
556.0 88933973.183868 88933974.80438802 88933976.42490801 0.0 0.0 560.6710436009372 3.200000006200432 0.0 0.0
557.0 88933976.42490801 88933978.04542801 88933979.66594802 0.0 0.0 560.6710436009372 3.200000006200432 0.0 0.0
558.0 88933979.665948 88933981.286468 88933982.90698801 0.0 0.0 560.6710436009372 3.200000006200432 0.0 0.0
559.0 88933982.90698801 88933984.52750802 88933986.14802802 0.0 0.0 560.6710436009372 3.200000006200432 0.0 0.0
560.0 88933986.148028 88933987.76854801 88933989.38906801 0.0 0.0 560.6710436009372 3.200000006200432 0.0 0.0
561.0 88933989.38906801 88933991.009588 88933992.63010801 0.0 0.0 560.6710436009372 3.200000006200432 0.0 0.0
562.0 88933992.63010801 88933994.25062802 88933995.87114802 0.0 0.0 560.6710436009372 3.200000006200432 0.0 0.0
563.0 88933995.871148 88933997.49166802 88933999.11218801 0.0 0.0 560.6710436009372 3.200000006200432 0.0 0.0
564.0 88933999.11218801 88934000.732708 88934002.35322802 0.0 0.0 560.6710436009372 3.200000006200432 0.0 0.0
565.0 88934002.353228 88934003.973748 88934005.59426801 0.0 0.0 560.6710436009372 3.200000006200432 0.0 0.0
566.0 88934005.59426801 88934007.21478802 88934008.83530802 0.0 0.0 560.6710436009372 3.200000006200432 0.0 0.0
567.0 88934008.835308 88934010.45582801 88934012.076348 0.0 0.0 560.6710436009372 3.200000006200432 0.0 0.0
568.0 88934012.076348 88934013.696868 88934015.31738801 0.0 0.0 560.6710436009372 3.200000006200432 0.0 0.0
569.0 88934015.31738801 88934016.93790802 88934018.55842802 0.0 0.0 560.6710436009372 3.200000006200432 0.0 0.0
570.0 88934018.558428 88934020.17894801 88934021.79946801 0.0 0.0 560.6710436009372 3.200000006200432 0.0 0.0
571.0 88934021.79946801 88934023.419988 88934025.04050802 0.0 0.0 560.6710436009372 3.200000006200432 0.0 0.0
572.0 88934025.040508 88934026.661028 88934028.28154801 0.0 0.0 560.6710436009372 3.200000006200432 0.0 0.0
573.0 88934028.28154801 88934029.90206802 88934031.52258801 0.0 0.0 560.6710436009372 3.200000006200432 0.0 0.0
574.0 88934031.52258801 88934033.14310801 88934034.76362802 0.0 0.0 560.6710436009372 3.200000006200432 0.0 0.0
575.0 88934034.763628 88934036.384148 88934038.00466801 0.0 0.0 560.6710436009372 3.200000006200432 0.0 0.0
576.0 88934038.00466801 88934039.62518802 88934041.24570802 0.0 0.0 560.6710436009372 3.200000006200432 0.0 0.0
577.0 88934041.245708 88934042.86622801 88934044.48674801 0.0 0.0 560.6710436009372 3.200000006200432 0.0 0.0
578.0 88934044.48674801 88934046.107268 88934047.72778802 0.0 0.0 560.6710436009372 3.200000006200432 0.0 0.0
579.0 88934047.727788 88934049.348308 88934050.96882801 0.0 0.0 560.6710436009372 3.200000006200432 0.0 0.0
580.0 88934050.96882801 88934052.58934802 88934054.20986801 0.0 0.0 560.6710436009372 3.200000006200432 0.0 0.0
581.0 88934054.20986801 88934055.83038801 88934057.45090802 0.0 0.0 560.6710436009372 3.200000006200432 0.0 0.0
582.0 88934057.450908 88934059.071428 88934060.69194801 0.0 0.0 560.6710436009372 3.200000006200432 0.0 0.0
583.0 88934060.69194801 88934062.31246802 88934063.93298802 0.0 0.0 560.6710436009372 3.200000006200432 0.0 0.0
584.0 88934063.932988 88934065.55350801 88934067.17402801 0.0 0.0 560.6710436009372 3.200000006200432 0.0 0.0
585.0 88934067.17402801 88934068.794548 88934070.41506802 0.0 0.0 560.6710436009372 3.200000006200432 0.0 0.0
586.0 88934070.415068 88934072.035588 88934073.656108 0.0 0.0 560.6710436009372 3.200000006200432 0.0 0.0
587.0 88934073.656108 88934075.27662802 88934076.89714801 0.0 0.0 560.6710436009372 3.200000006200432 0.0 0.0
588.0 88934076.89714801 88934078.51766801 88934080.13818802 0.0 0.0 560.6710436009372 3.200000006200432 0.0 0.0
589.0 88934080.138188 88934081.758708 88934083.37922801 0.0 0.0 560.6710436009372 3.200000006200432 0.0 0.0
590.0 88934083.37922801 88934084.99974802 88934086.62026802 0.0 0.0 560.6710436009372 3.200000006200432 0.0 0.0
591.0 88934086.620268 88934088.24078801 88934089.86130801 0.0 0.0 560.6710436009372 3.200000006200432 0.0 0.0
592.0 88934089.86130801 88934091.481828 88934093.10234801 0.0 0.0 560.6710436009372 3.200000006200432 0.0 0.0
593.0 88934093.10234801 88934094.72286803 88934096.34338802 0.0 0.0 560.6710436009372 3.200000006200432 0.0 0.0
594.0 88934096.343388 88934097.96390802 88934099.58442801 0.0 0.0 560.6710436009372 3.200000006200432 0.0 0.0
595.0 88934099.58442801 88934101.20494801 88934102.82546802 0.0 0.0 560.6710436009372 3.200000006200432 0.0 0.0
596.0 88934102.825468 88934104.445988 88934106.06650801 0.0 0.0 560.6710436009372 3.200000006200432 0.0 0.0
597.0 88934106.06650801 88934107.68702802 88934109.30754802 0.0 0.0 560.6710436009372 3.200000006200432 0.0 0.0
598.0 88934109.307548 88934110.92806801 88934112.54858801 0.0 0.0 560.6710436009372 3.200000006200432 0.0 0.0
599.0 88934112.54858801 88934114.169108 88934115.78962801 0.0 0.0 560.6710436009372 3.200000006200432 0.0 0.0
600.0 88934115.78962801 88934117.41014802 88934119.03066802 0.0 0.0 560.6710436009372 3.200000006200432 0.0 0.0
601.0 88934119.030668 88934120.65118802 88934122.27170801 0.0 0.0 560.6710436009372 3.200000006200432 0.0 0.0
602.0 88934122.27170801 88934123.892228 88934125.51274802 0.0 0.0 560.6710436009372 3.200000006200432 0.0 0.0
603.0 88934125.512748 88934127.133268 88934128.75378801 0.0 0.0 560.6710436009372 3.200000006200432 0.0 0.0
604.0 88934128.75378801 88934130.37430802 88934131.99482802 0.0 0.0 560.6710436009372 3.200000006200432 0.0 0.0
605.0 88934131.994828 88934133.61534801 88934135.235868 0.0 0.0 560.6710436009372 3.200000006200432 0.0 0.0
606.0 88934135.235868 88934136.856388 88934138.47690801 0.0 0.0 560.6710436009372 3.200000006200432 0.0 0.0
607.0 88934138.47690801 88934140.09742802 88934141.71794802 0.0 0.0 560.6710436009372 3.200000006200432 0.0 0.0
608.0 88934141.717948 88934143.33846802 88934144.95898801 0.0 0.0 560.6710436009372 3.200000006200432 0.0 0.0
609.0 88934144.95898801 88934146.579508 88934148.20002802 0.0 0.0 560.6710436009372 3.200000006200432 0.0 0.0
610.0 88934148.200028 88934149.820548 88934151.44106801 0.0 0.0 560.6710436009372 3.200000006200432 0.0 0.0
611.0 88934151.44106801 88934153.06158802 88934154.68210801 0.0 0.0 560.6710436009372 3.200000006200432 0.0 0.0
612.0 88934154.68210801 88934156.30262801 88934157.92314802 0.0 0.0 560.6710436009372 3.200000006200432 0.0 0.0
613.0 88934157.923148 88934159.543668 88934161.16418801 0.0 0.0 560.6710436009372 3.200000006200432 0.0 0.0
614.0 88934161.16418801 88934162.78470802 88934164.40522802 0.0 0.0 560.6710436009372 3.200000006200432 0.0 0.0
615.0 88934164.405228 88934166.02574801 88934167.64626801 0.0 0.0 560.6710436009372 3.200000006200432 0.0 0.0
616.0 88934167.64626801 88934169.266788 88934170.88730802 0.0 0.0 560.6710436009372 3.200000006200432 0.0 0.0
617.0 88934170.887308 88934172.507828 88934174.12834801 0.0 0.0 560.6710436009372 3.200000006200432 0.0 0.0
618.0 88934174.12834801 88934175.74886802 88934177.36938801 0.0 0.0 560.6710436009372 3.200000006200432 0.0 0.0
619.0 88934177.36938801 88934178.98990801 88934180.61042802 0.0 0.0 560.6710436009372 3.200000006200432 0.0 0.0
620.0 88934180.610428 88934182.230948 88934183.85146801 0.0 0.0 560.6710436009372 3.200000006200432 0.0 0.0
621.0 88934183.85146801 88934185.47198802 88934187.09250802 1.0 1.0 560.6710436009372 3.200000006200432 0.3124999993944891 0.3124999993944891
622.0 88934187.092508 88934188.71302801 88934190.33354801 0.0 0.0 560.6710436009372 3.200000006200432 0.0 0.0
623.0 88934190.33354801 88934191.954068 88934193.57458802 0.0 0.0 560.6710436009372 3.200000006200432 0.0 0.0
624.0 88934193.574588 88934195.195108 88934196.815628 0.0 0.0 560.6710436009372 3.200000006200432 0.0 0.0
625.0 88934196.815628 88934198.43614802 88934200.05666801 0.0 0.0 560.6710436009372 3.200000006200432 0.0 0.0
626.0 88934200.05666801 88934201.67718801 88934203.29770802 0.0 0.0 560.6710436009372 3.200000006200432 0.0 0.0
627.0 88934203.297708 88934204.918228 88934206.53874801 0.0 0.0 560.6710436009372 3.200000006200432 0.0 0.0
628.0 88934206.53874801 88934208.15926802 88934209.77978802 0.0 0.0 560.6710436009372 3.200000006200432 0.0 0.0
629.0 88934209.779788 88934211.40030801 88934213.02082801 0.0 0.0 560.6710436009372 3.200000006200432 0.0 0.0
630.0 88934213.02082801 88934214.641348 88934216.26186801 0.0 0.0 560.6710436009372 3.200000006200432 0.0 0.0
631.0 88934216.261868 88934217.882388 88934219.502908 0.0 0.0 560.6710436009372 3.200000006200432 0.0 0.0
632.0 88934219.502908 88934221.12342802 88934222.74394801 0.0 0.0 560.6710436009372 3.200000006200432 0.0 0.0
633.0 88934222.74394801 88934224.36446801 88934225.98498802 0.0 0.0 560.6710436009372 3.200000006200432 0.0 0.0
634.0 88934225.984988 88934227.605508 88934229.22602801 0.0 0.0 560.6710436009372 3.200000006200432 0.0 0.0
635.0 88934229.22602801 88934230.84654802 88934232.46706802 0.0 0.0 560.6710436009372 3.200000006200432 0.0 0.0
636.0 88934232.467068 88934234.08758801 88934235.70810801 0.0 0.0 560.6710436009372 3.200000006200432 0.0 0.0
637.0 88934235.70810801 88934237.328628 88934238.94914801 0.0 0.0 560.6710436009372 3.200000006200432 0.0 0.0
638.0 88934238.94914801 88934240.56966802 88934242.19018802 0.0 0.0 560.6710436009372 3.200000006200432 0.0 0.0
639.0 88934242.190188 88934243.81070802 88934245.43122801 0.0 0.0 560.6710436009372 3.200000006200432 0.0 0.0
640.0 88934245.43122801 88934247.05174801 88934248.67226802 0.0 0.0 560.6710436009372 3.200000006200432 0.0 0.0
641.0 88934248.672268 88934250.292788 88934251.91330801 0.0 0.0 560.6710436009372 3.200000006200432 0.0 0.0
642.0 88934251.91330801 88934253.53382802 88934255.15434802 0.0 0.0 560.6710436009372 3.200000006200432 0.0 0.0
643.0 88934255.154348 88934256.77486801 88934258.395388 0.0 0.0 560.6710436009372 3.200000006200432 0.0 0.0
644.0 88934258.395388 88934260.015908 88934261.63642801 0.0 0.0 560.6710436009372 3.200000006200432 0.0 0.0
645.0 88934261.63642801 88934263.25694802 88934264.87746802 0.0 0.0 560.6710436009372 3.200000006200432 0.0 0.0
646.0 88934264.877468 88934266.49798802 88934268.11850801 0.0 0.0 560.6710436009372 3.200000006200432 0.0 0.0
647.0 88934268.11850801 88934269.739028 88934271.35954802 0.0 0.0 560.6710436009372 3.200000006200432 0.0 0.0
648.0 88934271.359548 88934272.980068 88934274.60058801 0.0 0.0 560.6710436009372 3.200000006200432 0.0 0.0
649.0 88934274.60058801 88934276.22110802 88934277.84162802 0.0 0.0 560.6710436009372 3.200000006200432 0.0 0.0
650.0 88934277.841628 88934279.46214801 88934281.082668 0.0 0.0 560.6710436009372 3.200000006200432 0.0 0.0
651.0 88934281.082668 88934282.703188 88934284.32370801 0.0 0.0 560.6710436009372 3.200000006200432 0.0 0.0
652.0 88934284.32370801 88934285.94422802 88934287.56474802 0.0 0.0 560.6710436009372 3.200000006200432 0.0 0.0
653.0 88934287.564748 88934289.18526801 88934290.80578801 0.0 0.0 560.6710436009372 3.200000006200432 0.0 0.0
654.0 88934290.80578801 88934292.426308 88934294.04682802 0.0 0.0 560.6710436009372 3.200000006200432 0.0 0.0
655.0 88934294.046828 88934295.667348 88934297.28786801 0.0 0.0 560.6710436009372 3.200000006200432 0.0 0.0
656.0 88934297.28786801 88934298.90838802 88934300.52890801 0.0 0.0 560.6710436009372 3.200000006200432 0.0 0.0
657.0 88934300.52890801 88934302.14942801 88934303.76994802 0.0 0.0 560.6710436009372 3.200000006200432 0.0 0.0
658.0 88934303.769948 88934305.390468 88934307.01098801 0.0 0.0 560.6710436009372 3.200000006200432 0.0 0.0
659.0 88934307.01098801 88934308.63150802 88934310.25202802 0.0 0.0 560.6710436009372 3.200000006200432 0.0 0.0
660.0 88934310.252028 88934311.87254801 88934313.49306801 0.0 0.0 560.6710436009372 3.200000006200432 0.0 0.0
661.0 88934313.49306801 88934315.113588 88934316.73410802 0.0 0.0 560.6710436009372 3.200000006200432 0.0 0.0
662.0 88934316.734108 88934318.354628 88934319.975148 0.0 0.0 560.6710436009372 3.200000006200432 0.0 0.0
663.0 88934319.975148 88934321.59566802 88934323.21618801 0.0 0.0 560.6710436009372 3.200000006200432 0.0 0.0
664.0 88934323.21618801 88934324.83670801 88934326.45722802 0.0 0.0 560.6710436009372 3.200000006200432 0.0 0.0
665.0 88934326.457228 88934328.077748 88934329.69826801 0.0 0.0 560.6710436009372 3.200000006200432 0.0 0.0
666.0 88934329.69826801 88934331.31878802 88934332.93930802 0.0 0.0 560.6710436009372 3.200000006200432 0.0 0.0
667.0 88934332.939308 88934334.55982801 88934336.18034801 0.0 0.0 560.6710436009372 3.200000006200432 0.0 0.0
668.0 88934336.18034801 88934337.800868 88934339.42138802 0.0 0.0 560.6710436009372 3.200000006200432 0.0 0.0
669.0 88934339.421388 88934341.041908 88934342.662428 0.0 0.0 560.6710436009372 3.200000006200432 0.0 0.0
670.0 88934342.662428 88934344.28294802 88934345.90346801 0.0 0.0 560.6710436009372 3.200000006200432 0.0 0.0
671.0 88934345.90346801 88934347.52398801 88934349.14450802 0.0 0.0 560.6710436009372 3.200000006200432 0.0 0.0
672.0 88934349.144508 88934350.765028 88934352.38554801 0.0 0.0 560.6710436009372 3.200000006200432 0.0 0.0
673.0 88934352.38554801 88934354.00606802 88934355.62658802 0.0 0.0 560.6710436009372 3.200000006200432 0.0 0.0
674.0 88934355.626588 88934357.24710801 88934358.86762801 0.0 0.0 560.6710436009372 3.200000006200432 0.0 0.0
675.0 88934358.86762801 88934360.488148 88934362.10866801 0.0 0.0 560.6710436009372 3.200000006200432 0.0 0.0
676.0 88934362.10866801 88934363.72918802 88934365.34970802 0.0 0.0 560.6710436009372 3.200000006200432 0.0 0.0
677.0 88934365.349708 88934366.97022802 88934368.59074801 0.0 0.0 560.6710436009372 3.200000006200432 0.0 0.0
678.0 88934368.59074801 88934370.21126801 88934371.83178802 0.0 0.0 560.6710436009372 3.200000006200432 0.0 0.0
679.0 88934371.831788 88934373.452308 88934375.07282801 0.0 0.0 560.6710436009372 3.200000006200432 0.0 0.0
680.0 88934375.07282801 88934376.69334802 88934378.31386802 0.0 0.0 560.6710436009372 3.200000006200432 0.0 0.0
681.0 88934378.313868 88934379.93438801 88934381.554908 0.0 0.0 560.6710436009372 3.200000006200432 0.0 0.0
682.0 88934381.554908 88934383.175428 88934384.79594801 0.0 0.0 560.6710436009372 3.200000006200432 0.0 0.0
683.0 88934384.79594801 88934386.41646802 88934388.03698802 0.0 0.0 560.6710436009372 3.200000006200432 0.0 0.0
684.0 88934388.036988 88934389.65750802 88934391.27802801 0.0 0.0 560.6710436009372 3.200000006200432 0.0 0.0
685.0 88934391.27802801 88934392.898548 88934394.51906802 0.0 0.0 560.6710436009372 3.200000006200432 0.0 0.0
686.0 88934394.519068 88934396.139588 88934397.76010801 0.0 0.0 560.6710436009372 3.200000006200432 0.0 0.0
687.0 88934397.76010801 88934399.38062802 88934401.00114802 0.0 0.0 560.6710436009372 3.200000006200432 0.0 0.0
688.0 88934401.001148 88934402.62166801 88934404.242188 0.0 0.0 560.6710436009372 3.200000006200432 0.0 0.0
689.0 88934404.242188 88934405.862708 88934407.48322801 0.0 0.0 560.6710436009372 3.200000006200432 0.0 0.0
690.0 88934407.48322801 88934409.10374802 88934410.72426802 0.0 0.0 560.6710436009372 3.200000006200432 0.0 0.0
691.0 88934410.724268 88934412.34478801 88934413.96530801 0.0 0.0 560.6710436009372 3.200000006200432 0.0 0.0
692.0 88934413.96530801 88934415.585828 88934417.20634802 0.0 0.0 560.6710436009372 3.200000006200432 0.0 0.0
693.0 88934417.206348 88934418.826868 88934420.44738801 0.0 0.0 560.6710436009372 3.200000006200432 0.0 0.0
694.0 88934420.44738801 88934422.06790802 88934423.68842801 0.0 0.0 560.6710436009372 3.200000006200432 0.0 0.0
695.0 88934423.68842801 88934425.30894801 88934426.92946802 0.0 0.0 560.6710436009372 3.200000006200432 0.0 0.0
696.0 88934426.929468 88934428.549988 88934430.17050801 0.0 0.0 560.6710436009372 3.200000006200432 0.0 0.0
697.0 88934430.17050801 88934431.79102802 88934433.41154802 0.0 0.0 560.6710436009372 3.200000006200432 0.0 0.0
698.0 88934433.411548 88934435.03206801 88934436.65258801 0.0 0.0 560.6710436009372 3.200000006200432 0.0 0.0
699.0 88934436.65258801 88934438.273108 88934439.89362802 0.0 0.0 560.6710436009372 3.200000006200432 0.0 0.0
700.0 88934439.893628 88934441.514148 88934443.13466801 0.0 0.0 560.6710436009372 3.200000006200432 0.0 0.0
701.0 88934443.13466801 88934444.75518802 88934446.37570801 0.0 0.0 560.6710436009372 3.200000006200432 0.0 0.0
702.0 88934446.37570801 88934447.99622801 88934449.61674802 0.0 0.0 560.6710436009372 3.200000006200432 0.0 0.0
703.0 88934449.616748 88934451.237268 88934452.85778801 1.0 1.0 560.6710436009372 3.200000006200432 0.3124999993944891 0.3124999993944891
704.0 88934452.85778801 88934454.47830802 88934456.09882802 0.0 0.0 560.6710436009372 3.200000006200432 0.0 0.0
705.0 88934456.098828 88934457.71934801 88934459.33986801 0.0 0.0 560.6710436009372 3.200000006200432 0.0 0.0
706.0 88934459.33986801 88934460.960388 88934462.58090802 0.0 0.0 560.6710436009372 3.200000006200432 0.0 0.0
707.0 88934462.580908 88934464.201428 88934465.821948 0.0 0.0 560.6710436009372 3.200000006200432 0.0 0.0
708.0 88934465.821948 88934467.44246802 88934469.06298801 0.0 0.0 560.6710436009372 3.200000006200432 0.0 0.0
709.0 88934469.06298801 88934470.68350801 88934472.30402802 0.0 0.0 560.6710436009372 3.200000006200432 0.0 0.0
710.0 88934472.304028 88934473.924548 88934475.54506801 0.0 0.0 560.6710436009372 3.200000006200432 0.0 0.0
711.0 88934475.54506801 88934477.16558802 88934478.78610802 0.0 0.0 560.6710436009372 3.200000006200432 0.0 0.0
712.0 88934478.786108 88934480.40662801 88934482.02714801 0.0 0.0 560.6710436009372 3.200000006200432 0.0 0.0
713.0 88934482.02714801 88934483.647668 88934485.26818801 0.0 0.0 560.6710436009372 3.200000006200432 0.0 0.0
714.0 88934485.26818801 88934486.88870803 88934488.50922802 0.0 0.0 560.6710436009372 3.200000006200432 0.0 0.0
715.0 88934488.509228 88934490.12974802 88934491.75026801 0.0 0.0 560.6710436009372 3.200000006200432 0.0 0.0
716.0 88934491.75026801 88934493.37078801 88934494.99130802 0.0 0.0 560.6710436009372 3.200000006200432 0.0 0.0
717.0 88934494.991308 88934496.611828 88934498.23234801 0.0 0.0 560.6710436009372 3.200000006200432 0.0 0.0
718.0 88934498.23234801 88934499.85286802 88934501.47338802 0.0 0.0 560.6710436009372 3.200000006200432 0.0 0.0
719.0 88934501.473388 88934503.09390801 88934504.71442801 0.0 0.0 560.6710436009372 3.200000006200432 0.0 0.0
720.0 88934504.71442801 88934506.334948 88934507.95546801 0.0 0.0 560.6710436009372 3.200000006200432 0.0 0.0
721.0 88934507.95546801 88934509.57598802 88934511.19650802 1.0 1.0 560.6710436009372 3.200000006200432 0.3124999993944891 0.3124999993944891
722.0 88934511.196508 88934512.81702802 88934514.43754801 0.0 0.0 560.6710436009372 3.200000006200432 0.0 0.0
723.0 88934514.43754801 88934516.058068 88934517.67858802 0.0 0.0 560.6710436009372 3.200000006200432 0.0 0.0
724.0 88934517.678588 88934519.299108 88934520.91962801 0.0 0.0 560.6710436009372 3.200000006200432 0.0 0.0
725.0 88934520.91962801 88934522.54014802 88934524.16066802 1.0 1.0 560.6710436009372 3.200000006200432 0.3124999993944891 0.3124999993944891
726.0 88934524.160668 88934525.78118801 88934527.401708 0.0 0.0 560.6710436009372 3.200000006200432 0.0 0.0
727.0 88934527.401708 88934529.022228 88934530.64274801 0.0 0.0 560.6710436009372 3.200000006200432 0.0 0.0
728.0 88934530.64274801 88934532.26326802 88934533.88378802 0.0 0.0 560.6710436009372 3.200000006200432 0.0 0.0
729.0 88934533.883788 88934535.50430802 88934537.12482801 0.0 0.0 560.6710436009372 3.200000006200432 0.0 0.0
730.0 88934537.12482801 88934538.745348 88934540.36586802 0.0 0.0 560.6710436009372 3.200000006200432 0.0 0.0
731.0 88934540.365868 88934541.986388 88934543.60690801 0.0 0.0 560.6710436009372 3.200000006200432 0.0 0.0
732.0 88934543.60690801 88934545.22742802 88934546.84794801 0.0 0.0 560.6710436009372 3.200000006200432 0.0 0.0
733.0 88934546.84794801 88934548.46846801 88934550.08898802 0.0 0.0 560.6710436009372 3.200000006200432 0.0 0.0
734.0 88934550.088988 88934551.709508 88934553.33002801 0.0 0.0 560.6710436009372 3.200000006200432 0.0 0.0
735.0 88934553.33002801 88934554.95054802 88934556.57106802 0.0 0.0 560.6710436009372 3.200000006200432 0.0 0.0
736.0 88934556.571068 88934558.19158801 88934559.81210801 1.0 1.0 560.6710436009372 3.200000006200432 0.3124999993944891 0.3124999993944891
737.0 88934559.81210801 88934561.432628 88934563.05314802 0.0 0.0 560.6710436009372 3.200000006200432 0.0 0.0
738.0 88934563.053148 88934564.673668 88934566.29418801 0.0 0.0 560.6710436009372 3.200000006200432 0.0 0.0
739.0 88934566.29418801 88934567.91470802 88934569.53522801 0.0 0.0 560.6710436009372 3.200000006200432 0.0 0.0
740.0 88934569.53522801 88934571.15574801 88934572.77626802 0.0 0.0 560.6710436009372 3.200000006200432 0.0 0.0
741.0 88934572.776268 88934574.396788 88934576.01730801 1.0 1.0 560.6710436009372 3.200000006200432 0.3124999993944891 0.3124999993944891
742.0 88934576.01730801 88934577.63782802 88934579.25834802 0.0 0.0 560.6710436009372 3.200000006200432 0.0 0.0
743.0 88934579.258348 88934580.87886801 88934582.49938801 0.0 0.0 560.6710436009372 3.200000006200432 0.0 0.0
744.0 88934582.49938801 88934584.119908 88934585.74042802 0.0 0.0 560.6710436009372 3.200000006200432 0.0 0.0
745.0 88934585.740428 88934587.360948 88934588.981468 0.0 0.0 560.6710436009372 3.200000006200432 0.0 0.0
746.0 88934588.981468 88934590.60198802 88934592.22250801 0.0 0.0 560.6710436009372 3.200000006200432 0.0 0.0
747.0 88934592.22250801 88934593.84302801 88934595.46354802 0.0 0.0 560.6710436009372 3.200000006200432 0.0 0.0
748.0 88934595.463548 88934597.084068 88934598.70458801 0.0 0.0 560.6710436009372 3.200000006200432 0.0 0.0
749.0 88934598.70458801 88934600.32510802 88934601.94562802 0.0 0.0 560.6710436009372 3.200000006200432 0.0 0.0
750.0 88934601.945628 88934603.56614801 88934605.18666801 0.0 0.0 560.6710436009372 3.200000006200432 0.0 0.0
751.0 88934605.18666801 88934606.807188 88934608.42770801 0.0 0.0 560.6710436009372 2.1152883805598517 0.0 0.0
752.0 88934608.427708 88934610.048228 88934611.668748 0.0 0.0 560.6710436009372 0.0 0.0 0.0
753.0 88934611.668748 88934613.28926802 88934614.90978801 0.0 0.0 560.6710436009372 0.0 0.0 0.0
754.0 88934614.90978801 88934616.53030801 88934618.15082802 0.0 0.0 560.6710436009372 0.0 0.0 0.0
755.0 88934618.150828 88934619.771348 88934621.39186801 0.0 0.0 560.6710436009372 0.0 0.0 0.0
756.0 88934621.39186801 88934623.01238802 88934624.63290802 0.0 0.0 560.6710436009372 0.0 0.0 0.0
757.0 88934624.632908 88934626.25342801 88934627.87394801 0.0 0.0 560.6710436009372 0.0 0.0 0.0
758.0 88934627.87394801 88934629.494468 88934631.11498801 0.0 0.0 560.6710436009372 0.0 0.0 0.0
759.0 88934631.11498801 88934632.73550802 88934634.35602802 0.0 0.0 560.6710436009372 0.0 0.0 0.0
760.0 88934634.356028 88934635.97654802 88934637.59706801 0.0 0.0 560.6710436009372 0.0 0.0 0.0
761.0 88934637.59706801 88934639.217588 88934640.83810802 0.0 0.0 560.6710436009372 0.0 0.0 0.0
762.0 88934640.838108 88934642.458628 88934644.07914801 0.0 0.0 560.6710436009372 0.0 0.0 0.0
763.0 88934644.07914801 88934645.69966802 88934647.32018802 0.0 0.0 560.6710436009372 0.0 0.0 0.0
764.0 88934647.320188 88934648.94070801 88934650.561228 0.0 0.0 560.6710436009372 0.0 0.0 0.0
765.0 88934650.561228 88934652.181748 88934653.80226801 0.0 0.0 560.6710436009372 0.0 0.0 0.0
766.0 88934653.80226801 88934655.42278802 88934657.04330802 0.0 0.0 560.6710436009372 0.0 0.0 0.0
767.0 88934657.043308 88934658.66382802 88934660.28434801 0.0 0.0 560.6710436009372 0.0 0.0 0.0
768.0 88934660.28434801 88934661.904868 88934663.52538802 0.0 0.0 560.6710436009372 0.0 0.0 0.0
769.0 88934663.525388 88934665.145908 88934666.76642801 0.0 0.0 560.6710436009372 0.0 0.0 0.0
770.0 88934666.76642801 88934668.38694802 88934670.00746801 0.0 0.0 560.6710436009372 0.0 0.0 0.0
771.0 88934670.007468 88934671.62798801 88934673.248508 0.0 0.0 560.6710436009372 0.0 0.0 0.0
772.0 88934673.248508 88934674.869028 88934676.48954801 0.0 0.0 560.6710436009372 0.0 0.0 0.0
773.0 88934676.48954801 88934678.11006802 88934679.73058802 0.0 0.0 560.6710436009372 0.0 0.0 0.0
774.0 88934679.730588 88934681.35110801 88934682.97162801 0.0 0.0 560.6710436009372 0.0 0.0 0.0
775.0 88934682.97162801 88934684.592148 88934686.21266802 0.0 0.0 560.6710436009372 0.0 0.0 0.0
776.0 88934686.212668 88934687.833188 88934689.45370801 0.0 0.0 560.6710436009372 0.0 0.0 0.0
777.0 88934689.45370801 88934691.07422802 88934692.69474801 0.0 0.0 560.6710436009372 0.0 0.0 0.0
778.0 88934692.69474801 88934694.31526801 88934695.93578802 0.0 0.0 560.6710436009372 0.0 0.0 0.0
779.0 88934695.935788 88934697.556308 88934699.17682801 0.0 0.0 560.6710436009372 0.0 0.0 0.0
780.0 88934699.17682801 88934700.79734802 88934702.41786802 0.0 0.0 560.6710436009372 0.0 0.0 0.0
781.0 88934702.417868 88934704.03838801 88934705.65890801 0.0 0.0 560.6710436009372 0.0 0.0 0.0
782.0 88934705.65890801 88934707.279428 88934708.89994802 0.0 0.0 560.6710436009372 0.0 0.0 0.0
783.0 88934708.899948 88934710.520468 88934712.140988 0.0 0.0 560.6710436009372 0.0 0.0 0.0
784.0 88934712.140988 88934713.76150802 88934715.38202801 0.0 0.0 560.6710436009372 0.0 0.0 0.0
785.0 88934715.38202801 88934717.00254801 88934718.62306802 0.0 0.0 560.6710436009372 0.0 0.0 0.0
786.0 88934718.623068 88934720.243588 88934721.86410801 0.0 0.0 560.6710436009372 0.0 0.0 0.0
787.0 88934721.86410801 88934723.48462802 88934725.10514802 0.0 0.0 560.6710436009372 0.0 0.0 0.0
788.0 88934725.105148 88934726.72566801 88934728.34618801 0.0 0.0 560.6710436009372 0.0 0.0 0.0
789.0 88934728.34618801 88934729.966708 88934731.58722802 0.0 0.0 560.6710436009372 0.0 0.0 0.0
790.0 88934731.587228 88934733.207748 88934734.828268 0.0 0.0 560.6710436009372 0.0 0.0 0.0
791.0 88934734.828268 88934736.44878802 88934738.06930801 0.0 0.0 560.6710436009372 0.0 0.0 0.0
792.0 88934738.06930801 88934739.68982801 88934741.31034802 0.0 0.0 560.6710436009372 0.0 0.0 0.0
793.0 88934741.310348 88934742.930868 88934744.55138801 0.0 0.0 560.6710436009372 0.0 0.0 0.0
794.0 88934744.55138801 88934746.17190802 88934747.79242802 0.0 0.0 560.6710436009372 0.0 0.0 0.0
795.0 88934747.792428 88934749.41294801 88934751.03346801 0.0 0.0 560.6710436009372 0.0 0.0 0.0
796.0 88934751.03346801 88934752.653988 88934754.27450801 0.0 0.0 560.6710436009372 0.0 0.0 0.0
797.0 88934754.27450801 88934755.89502802 88934757.51554802 0.0 0.0 560.6710436009372 0.0 0.0 0.0
798.0 88934757.515548 88934759.13606802 88934760.75658801 0.0 0.0 560.6710436009372 0.0 0.0 0.0
799.0 88934760.75658801 88934762.37710801 88934763.99762802 0.0 0.0 560.6710436009372 0.0 0.0 0.0
800.0 88934763.997628 88934765.618148 88934767.23866801 0.0 0.0 560.6710436009372 0.0 0.0 0.0
801.0 88934767.23866801 88934768.85918802 88934770.47970802 0.0 0.0 560.6710436009372 0.0 0.0 0.0
802.0 88934770.479708 88934772.10022801 88934773.720748 0.0 0.0 560.6710436009372 0.0 0.0 0.0
803.0 88934773.720748 88934775.341268 88934776.96178801 0.0 0.0 560.6710436009372 0.0 0.0 0.0
804.0 88934776.96178801 88934778.58230802 88934780.20282802 0.0 0.0 560.6710436009372 0.0 0.0 0.0
805.0 88934780.202828 88934781.82334802 88934783.44386801 0.0 0.0 560.6710436009372 0.0 0.0 0.0
806.0 88934783.44386801 88934785.064388 88934786.68490802 0.0 0.0 560.6710436009372 0.0 0.0 0.0
807.0 88934786.684908 88934788.305428 88934789.92594801 0.0 0.0 560.6710436009372 0.0 0.0 0.0
808.0 88934789.92594801 88934791.54646802 88934793.16698802 0.0 0.0 560.6710436009372 0.0 0.0 0.0
809.0 88934793.166988 88934794.78750801 88934796.408028 0.0 0.0 560.6710436009372 0.0 0.0 0.0
810.0 88934796.408028 88934798.028548 88934799.64906801 0.0 0.0 560.6710436009372 0.0 0.0 0.0
811.0 88934799.64906801 88934801.26958802 88934802.89010802 0.0 0.0 560.6710436009372 0.0 0.0 0.0
812.0 88934802.890108 88934804.51062801 88934806.13114801 0.0 0.0 560.6710436009372 0.0 0.0 0.0
813.0 88934806.13114801 88934807.751668 88934809.37218802 0.0 0.0 560.6710436009372 0.0 0.0 0.0
814.0 88934809.372188 88934810.992708 88934812.61322801 0.0 0.0 560.6710436009372 0.0 0.0 0.0
815.0 88934812.61322801 88934814.23374802 88934815.85426801 0.0 0.0 560.6710436009372 0.0 0.0 0.0
816.0 88934815.85426801 88934817.47478801 88934819.09530802 0.0 0.0 560.6710436009372 0.0 0.0 0.0
817.0 88934819.095308 88934820.715828 88934822.33634801 0.0 0.0 560.6710436009372 0.0 0.0 0.0
818.0 88934822.33634801 88934823.95686802 88934825.57738802 0.0 0.0 560.6710436009372 0.0 0.0 0.0
819.0 88934825.577388 88934827.19790801 88934828.81842801 0.0 0.0 560.6710436009372 0.0 0.0 0.0
820.0 88934828.81842801 88934830.438948 88934832.05946802 0.0 0.0 560.6710436009372 0.0 0.0 0.0
821.0 88934832.059468 88934833.679988 88934835.300508 0.0 0.0 560.6710436009372 0.0 0.0 0.0
822.0 88934835.300508 88934836.92102802 88934838.54154801 0.0 0.0 560.6710436009372 0.0 0.0 0.0
823.0 88934838.54154801 88934840.16206801 88934841.78258802 0.0 0.0 560.6710436009372 0.0 0.0 0.0
824.0 88934841.782588 88934843.403108 88934845.02362801 0.0 0.0 560.6710436009372 0.0 0.0 0.0
825.0 88934845.02362801 88934846.64414802 88934848.26466802 0.0 0.0 560.6710436009372 0.0 0.0 0.0
826.0 88934848.264668 88934849.88518801 88934851.50570801 0.0 0.0 560.6710436009372 0.0 0.0 0.0
827.0 88934851.50570801 88934853.126228 88934854.74674802 0.0 0.0 560.6710436009372 0.0 0.0 0.0
828.0 88934854.746748 88934856.367268 88934857.987788 0.0 0.0 560.6710436009372 0.0 0.0 0.0
829.0 88934857.987788 88934859.60830802 88934861.22882801 0.0 0.0 560.6710436009372 0.0 0.0 0.0
830.0 88934861.22882801 88934862.84934801 88934864.46986802 0.0 0.0 560.6710436009372 0.0 0.0 0.0
831.0 88934864.469868 88934866.090388 88934867.71090801 0.0 0.0 560.6710436009372 0.0 0.0 0.0
832.0 88934867.71090801 88934869.33142802 88934870.95194802 0.0 0.0 560.6710436009372 0.0 0.0 0.0
833.0 88934870.951948 88934872.57246801 88934874.19298801 0.0 0.0 560.6710436009372 0.0 0.0 0.0
834.0 88934874.19298801 88934875.813508 88934877.43402801 0.0 0.0 560.6710436009372 0.0 0.0 0.0
835.0 88934877.43402801 88934879.05454803 88934880.67506802 0.0 0.0 560.6710436009372 0.0 0.0 0.0
836.0 88934880.675068 88934882.29558802 88934883.91610801 0.0 0.0 560.6710436009372 0.0 0.0 0.0
837.0 88934883.91610801 88934885.53662801 88934887.15714802 0.0 0.0 560.6710436009372 0.0 0.0 0.0
838.0 88934887.157148 88934888.777668 88934890.39818801 0.0 0.0 560.6710436009372 0.0 0.0 0.0
839.0 88934890.39818801 88934892.01870802 88934893.63922802 0.0 0.0 560.6710436009372 0.0 0.0 0.0
840.0 88934893.639228 88934895.25974801 88934896.88026801 0.0 0.0 560.6710436009372 0.0 0.0 0.0
841.0 88934896.88026801 88934898.500788 88934900.12130801 0.0 0.0 560.6710436009372 0.0 0.0 0.0
842.0 88934900.12130801 88934901.74182802 88934903.36234802 0.0 0.0 560.6710436009372 0.0 0.0 0.0
843.0 88934903.362348 88934904.98286802 88934906.60338801 0.0 0.0 560.6710436009372 0.0 0.0 0.0
844.0 88934906.60338801 88934908.223908 88934909.84442802 0.0 0.0 560.6710436009372 0.0 0.0 0.0
845.0 88934909.844428 88934911.464948 88934913.08546801 0.0 0.0 560.6710436009372 0.0 0.0 0.0
846.0 88934913.08546801 88934914.70598802 88934916.32650802 0.0 0.0 560.6710436009372 0.0 0.0 0.0
847.0 88934916.326508 88934917.94702801 88934919.567548 0.0 0.0 560.6710436009372 0.0 0.0 0.0
848.0 88934919.567548 88934921.188068 88934922.80858801 0.0 0.0 560.6710436009372 0.0 0.0 0.0
849.0 88934922.80858801 88934924.42910802 88934926.04962802 0.0 0.0 560.6710436009372 0.0 0.0 0.0
850.0 88934926.049628 88934927.67014802 88934929.29066801 0.0 0.0 560.6710436009372 0.0 0.0 0.0
851.0 88934929.29066801 88934930.911188 88934932.53170802 0.0 0.0 560.6710436009372 0.0 0.0 0.0
852.0 88934932.531708 88934934.152228 88934935.77274801 0.0 0.0 560.6710436009372 0.0 0.0 0.0
853.0 88934935.77274801 88934937.39326802 88934939.01378801 0.0 0.0 560.6710436009372 0.0 0.0 0.0
854.0 88934939.01378801 88934940.63430801 88934942.25482802 0.0 0.0 560.6710436009372 0.0 0.0 0.0
855.0 88934942.254828 88934943.875348 88934945.49586801 0.0 0.0 560.6710436009372 0.0 0.0 0.0
856.0 88934945.49586801 88934947.11638802 88934948.73690802 0.0 0.0 560.6710436009372 0.0 0.0 0.0
857.0 88934948.736908 88934950.35742801 88934951.97794801 0.0 0.0 560.6710436009372 0.0 0.0 0.0
858.0 88934951.97794801 88934953.598468 88934955.21898802 0.0 0.0 560.6710436009372 0.0 0.0 0.0
859.0 88934955.218988 88934956.839508 88934958.46002801 0.0 0.0 560.6710436009372 0.0 0.0 0.0
860.0 88934958.46002801 88934960.08054802 88934961.70106801 0.0 0.0 560.6710436009372 0.0 0.0 0.0
861.0 88934961.70106801 88934963.32158801 88934964.94210802 0.0 0.0 560.6710436009372 0.0 0.0 0.0
862.0 88934964.942108 88934966.562628 88934968.18314801 0.0 0.0 560.6710436009372 0.0 0.0 0.0
863.0 88934968.18314801 88934969.80366802 88934971.42418802 0.0 0.0 560.6710436009372 0.0 0.0 0.0
864.0 88934971.424188 88934973.04470801 88934974.66522801 0.0 0.0 560.6710436009372 0.0 0.0 0.0
865.0 88934974.66522801 88934976.285748 88934977.90626802 0.0 0.0 560.6710436009372 0.0 0.0 0.0
866.0 88934977.906268 88934979.526788 88934981.147308 0.0 0.0 560.6710436009372 0.0 0.0 0.0
867.0 88934981.147308 88934982.76782802 88934984.38834801 0.0 0.0 560.6710436009372 0.0 0.0 0.0
868.0 88934984.38834801 88934986.00886801 88934987.62938802 0.0 0.0 560.6710436009372 0.0 0.0 0.0
869.0 88934987.629388 88934989.249908 88934990.87042801 0.0 0.0 560.6710436009372 0.0 0.0 0.0
870.0 88934990.87042801 88934992.49094802 88934994.11146802 0.0 0.0 560.6710436009372 0.0 0.0 0.0
871.0 88934994.111468 88934995.73198801 88934997.35250801 0.0 0.0 560.6710436009372 0.0 0.0 0.0
872.0 88934997.35250801 88934998.973028 88935000.59354801 0.0 0.0 560.6710436009372 0.0 0.0 0.0
873.0 88935000.59354801 88935002.21406803 88935003.83458802 0.0 0.0 560.6710436009372 0.0 0.0 0.0
874.0 88935003.834588 88935005.45510802 88935007.07562801 0.0 0.0 560.6710436009372 0.0 0.0 0.0
875.0 88935007.07562801 88935008.69614801 88935010.31666802 0.0 0.0 560.6710436009372 0.0 0.0 0.0
876.0 88935010.316668 88935011.937188 88935013.55770801 0.0 0.0 560.6710436009372 0.0 0.0 0.0
877.0 88935013.55770801 88935015.17822802 88935016.79874802 0.0 0.0 560.6710436009372 0.0 0.0 0.0
878.0 88935016.798748 88935018.41926801 88935020.03978801 0.0 0.0 560.6710436009372 0.0 0.0 0.0
879.0 88935020.03978801 88935021.660308 88935023.28082801 0.0 0.0 560.6710436009372 0.0 0.0 0.0
880.0 88935023.28082801 88935024.90134802 88935026.52186802 0.0 0.0 560.6710436009372 0.0 0.0 0.0
881.0 88935026.521868 88935028.14238802 88935029.76290801 0.0 0.0 560.6710436009372 0.0 0.0 0.0
882.0 88935029.76290801 88935031.383428 88935033.00394802 0.0 0.0 560.6710436009372 0.0 0.0 0.0
883.0 88935033.003948 88935034.624468 88935036.24498801 0.0 0.0 560.6710436009372 0.0 0.0 0.0
884.0 88935036.24498801 88935037.86550802 88935039.48602802 0.0 0.0 560.6710436009372 0.0 0.0 0.0
885.0 88935039.486028 88935041.10654801 88935042.727068 0.0 0.0 560.6710436009372 0.0 0.0 0.0
886.0 88935042.727068 88935044.347588 88935045.96810801 0.0 0.0 560.6710436009372 0.0 0.0 0.0
887.0 88935045.96810801 88935047.58862802 88935049.20914802 0.0 0.0 560.6710436009372 0.0 0.0 0.0
888.0 88935049.209148 88935050.82966802 88935052.45018801 0.0 0.0 560.6710436009372 0.0 0.0 0.0
