TIME_BIN TIME_MIN TIME TIME_MAX COUNTS STAT_ERR AREA EXPOSURE COUNT_RATE COUNT_RATE_ERR
1.0 89623588.182777 89623589.80329701 89623591.42381701 0.0 0.0 105.79314659510705 0.0 0.0 0.0
2.0 89623591.42381701 89623593.044337 89623594.66485702 0.0 0.0 105.79314659510705 0.0 0.0 0.0
3.0 89623594.664857 89623596.285377 89623597.905897 0.0 0.0 105.79314659510705 0.0 0.0 0.0
4.0 89623597.905897 89623599.52641702 89623601.14693701 0.0 0.0 105.79314659510705 0.0 0.0 0.0
5.0 89623601.146937 89623602.76745701 89623604.387977 0.0 0.0 105.79314659510705 0.0 0.0 0.0
6.0 89623604.387977 89623606.008497 89623607.62901701 0.0 0.0 105.79314659510705 0.0 0.0 0.0
7.0 89623607.629017 89623609.24953699 89623610.870057 0.0 0.0 105.79314659510705 0.0 0.0 0.0
8.0 89623610.870057 89623612.49057701 89623614.11109701 0.0 0.0 105.79314659510705 0.0 0.0 0.0
9.0 89623614.11109701 89623615.731617 89623617.35213701 0.0 0.0 105.79314659510705 0.0 0.0 0.0
10.0 89623617.352137 89623618.972657 89623620.593177 0.0 0.0 105.79314659510705 0.0 0.0 0.0
11.0 89623620.593177 89623622.21369702 89623623.83421701 0.0 0.0 105.79314659510705 0.0 0.0 0.0
12.0 89623623.834217 89623625.45473701 89623627.075257 0.0 0.0 105.79314659510705 0.0 0.0 0.0
13.0 89623627.075257 89623628.695777 89623630.31629701 0.0 0.0 105.79314659510705 0.0 0.0 0.0
14.0 89623630.31629701 89623631.93681702 89623633.55733702 0.0 0.0 105.79314659510705 0.0 0.0 0.0
15.0 89623633.557337 89623635.17785701 89623636.798377 0.0 0.0 105.79314659510705 0.0 0.0 0.0
16.0 89623636.798377 89623638.418897 89623640.03941701 0.0 0.0 105.79314659510705 0.0 0.0 0.0
17.0 89623640.039417 89623641.659937 89623643.280457 0.0 0.0 105.79314659510705 0.0 0.0 0.0
18.0 89623643.280457 89623644.90097702 89623646.52149701 0.0 0.0 105.79314659510705 0.0 0.0 0.0
19.0 89623646.521497 89623648.142017 89623649.762537 0.0 0.0 105.79314659510705 0.0 0.0 0.0
20.0 89623649.762537 89623651.383057 89623653.00357701 0.0 0.0 105.79314659510705 0.0 0.0 0.0
21.0 89623653.00357701 89623654.62409702 89623656.24461702 0.0 0.0 105.79314659510705 0.0 0.0 0.0
22.0 89623656.244617 89623657.86513701 89623659.485657 0.0 0.0 105.79314659510705 0.0 0.0 0.0
23.0 89623659.485657 89623661.106177 89623662.72669701 0.0 0.0 105.79314659510705 0.0 0.0 0.0
24.0 89623662.726697 89623664.347217 89623665.967737 0.0 0.0 105.79314659510705 0.0 0.0 0.0
25.0 89623665.967737 89623667.58825701 89623669.20877701 0.0 0.0 105.79314659510705 0.0 0.0 0.0
26.0 89623669.208777 89623670.829297 89623672.449817 0.0 0.0 105.79314659510705 0.0 0.0 0.0
27.0 89623672.449817 89623674.070337 89623675.69085701 0.0 0.0 105.79314659510705 0.0 0.0 0.0
28.0 89623675.69085701 89623677.31137702 89623678.93189701 0.0 0.0 105.79314659510705 0.0 0.0 0.0
29.0 89623678.931897 89623680.55241701 89623682.172937 0.0 0.0 105.79314659510705 0.0 0.0 0.0
30.0 89623682.172937 89623683.793457 89623685.41397701 0.0 0.0 105.79314659510705 0.0 0.0 0.0
31.0 89623685.413977 89623687.034497 89623688.655017 0.0 0.0 105.79314659510705 0.0 0.0 0.0
32.0 89623688.655017 89623690.27553701 89623691.89605701 0.0 0.0 105.79314659510705 0.0 0.0 0.0
33.0 89623691.89605701 89623693.516577 89623695.13709702 0.0 0.0 105.79314659510705 0.0 0.0 0.0
34.0 89623695.137097 89623696.757617 89623698.378137 0.0 0.0 105.79314659510705 0.0 0.0 0.0
35.0 89623698.378137 89623699.99865702 89623701.61917701 0.0 0.0 105.79314659510705 0.0 0.0 0.0
36.0 89623701.619177 89623703.23969701 89623704.860217 0.0 0.0 105.79314659510705 0.0 0.0 0.0
37.0 89623704.860217 89623706.480737 89623708.10125701 0.0 0.0 105.79314659510705 0.0 0.0 0.0
38.0 89623708.101257 89623709.72177699 89623711.342297 0.0 0.0 105.79314659510705 0.0 0.0 0.0
39.0 89623711.342297 89623712.96281701 89623714.58333701 0.0 0.0 105.79314659510705 0.0 0.0 0.0
40.0 89623714.58333701 89623716.203857 89623717.82437702 0.0 0.0 105.79314659510705 0.0 0.0 0.0
41.0 89623717.824377 89623719.444897 89623721.065417 0.0 0.0 105.79314659510705 0.0 0.0 0.0
42.0 89623721.065417 89623722.68593702 89623724.30645701 0.0 0.0 105.79314659510705 0.0 0.0 0.0
43.0 89623724.306457 89623725.92697701 89623727.547497 0.0 0.0 105.79314659510705 0.0 0.0 0.0
44.0 89623727.547497 89623729.168017 89623730.78853701 0.0 0.0 105.79314659510705 0.0 0.0 0.0
45.0 89623730.788537 89623732.40905699 89623734.029577 0.0 0.0 105.79314659510705 0.0 0.0 0.0
46.0 89623734.029577 89623735.65009701 89623737.27061701 0.0 0.0 105.79314659510705 0.0 0.0 0.0
47.0 89623737.27061701 89623738.891137 89623740.51165701 0.0 0.0 105.79314659510705 0.0 0.0 0.0
48.0 89623740.511657 89623742.132177 89623743.752697 0.0 0.0 105.79314659510705 0.0 0.0 0.0
49.0 89623743.752697 89623745.37321702 89623746.99373701 0.0 0.0 105.79314659510705 0.0 0.0 0.0
50.0 89623746.993737 89623748.61425701 89623750.234777 0.0 0.0 105.79314659510705 0.0 0.0 0.0
51.0 89623750.234777 89623751.855297 89623753.47581701 0.0 0.0 105.79314659510705 0.0 0.0 0.0
52.0 89623753.47581701 89623755.09633702 89623756.71685702 0.0 0.0 105.79314659510705 0.0 0.0 0.0
53.0 89623756.716857 89623758.33737701 89623759.95789701 0.0 0.0 105.79314659510705 0.0 0.0 0.0
54.0 89623759.95789701 89623761.578417 89623763.19893701 0.0 0.0 105.79314659510705 0.0 0.0 0.0
55.0 89623763.198937 89623764.819457 89623766.439977 0.0 0.0 105.79314659510705 0.0 0.0 0.0
56.0 89623766.439977 89623768.06049702 89623769.68101701 0.0 0.0 105.79314659510705 0.0 0.0 0.0
57.0 89623769.681017 89623771.301537 89623772.922057 0.0 0.0 105.79314659510705 0.0 0.0 0.0
58.0 89623772.922057 89623774.542577 89623776.16309701 0.0 0.0 105.79314659510705 0.0 0.0 0.0
59.0 89623776.16309701 89623777.78361702 89623779.40413702 0.0 0.0 105.79314659510705 0.0 0.0 0.0
60.0 89623779.404137 89623781.02465701 89623782.645177 0.0 0.0 105.79314659510705 0.0 0.0 0.0
61.0 89623782.645177 89623784.265697 89623785.88621701 0.0 0.0 105.79314659510705 0.0 0.0 0.0
62.0 89623785.886217 89623787.506737 89623789.127257 0.0 0.0 105.79314659510705 0.0 0.0 0.0
63.0 89623789.127257 89623790.74777701 89623792.36829701 0.0 0.0 105.79314659510705 0.0 0.0 0.0
64.0 89623792.368297 89623793.988817 89623795.609337 0.0 0.0 105.79314659510705 0.0 0.0 0.0
65.0 89623795.609337 89623797.229857 89623798.85037701 0.0 0.0 105.79314659510705 0.0 0.0 0.0
66.0 89623798.85037701 89623800.47089702 89623802.09141701 0.0 0.0 105.79314659510705 0.0 0.0 0.0
67.0 89623802.091417 89623803.71193701 89623805.332457 0.0 0.0 105.79314659510705 0.0 0.0 0.0
68.0 89623805.332457 89623806.952977 89623808.57349701 0.0 0.0 105.79314659510705 0.0 0.0 0.0
69.0 89623808.573497 89623810.194017 89623811.814537 0.0 0.0 105.79314659510705 0.0 0.0 0.0
70.0 89623811.814537 89623813.43505701 89623815.05557701 0.0 0.0 105.79314659510705 0.0 0.0 0.0
71.0 89623815.055577 89623816.676097 89623818.296617 0.0 0.0 105.79314659510705 0.0 0.0 0.0
72.0 89623818.296617 89623819.917137 89623821.53765701 0.0 0.0 105.79314659510705 0.0 0.0 0.0
73.0 89623821.53765701 89623823.15817702 89623824.77869701 0.0 0.0 105.79314659510705 0.0 0.0 0.0
74.0 89623824.778697 89623826.39921701 89623828.019737 0.0 0.0 105.79314659510705 0.0 0.0 0.0
75.0 89623828.019737 89623829.640257 89623831.26077701 0.0 0.0 105.79314659510705 0.0 0.0 0.0
76.0 89623831.260777 89623832.88129699 89623834.501817 0.0 0.0 105.79314659510705 0.0 0.0 0.0
77.0 89623834.501817 89623836.12233701 89623837.74285701 0.0 0.0 105.79314659510705 0.0 0.0 0.0
78.0 89623837.74285701 89623839.363377 89623840.98389702 0.0 0.0 105.79314659510705 0.0 0.0 0.0
79.0 89623840.983897 89623842.604417 89623844.224937 0.0 0.0 105.79314659510705 0.0 0.0 0.0
80.0 89623844.224937 89623845.84545702 89623847.46597701 0.0 0.0 105.79314659510705 0.0 0.0 0.0
81.0 89623847.465977 89623849.08649701 89623850.707017 0.0 0.0 105.79314659510705 0.0 0.0 0.0
82.0 89623850.707017 89623852.327537 89623853.94805701 0.0 0.0 105.79314659510705 0.0 0.0 0.0
83.0 89623853.948057 89623855.56857699 89623857.189097 0.0 0.0 105.79314659510705 0.0 0.0 0.0
84.0 89623857.189097 89623858.80961701 89623860.43013701 0.0 0.0 105.79314659510705 0.0 0.0 0.0
85.0 89623860.43013701 89623862.050657 89623863.67117701 0.0 0.0 105.79314659510705 0.0 0.0 0.0
86.0 89623863.671177 89623865.291697 89623866.912217 0.0 0.0 105.79314659510705 0.0 0.0 0.0
87.0 89623866.912217 89623868.53273702 89623870.15325701 0.0 0.0 105.79314659510705 0.0 0.0 0.0
88.0 89623870.153257 89623871.77377701 89623873.394297 0.0 0.0 105.79314659510705 0.0 0.0 0.0
89.0 89623873.394297 89623875.014817 89623876.63533701 0.0 0.0 105.79314659510705 0.0 0.0 0.0
90.0 89623876.635337 89623878.25585699 89623879.876377 0.0 0.0 105.79314659510705 0.0 0.0 0.0
91.0 89623879.876377 89623881.49689701 89623883.11741701 0.0 0.0 105.79314659510705 0.0 0.0 0.0
92.0 89623883.11741701 89623884.737937 89623886.35845701 0.0 0.0 105.79314659510705 0.0 0.0 0.0
93.0 89623886.358457 89623887.978977 89623889.599497 0.0 0.0 105.79314659510705 0.0 0.0 0.0
94.0 89623889.599497 89623891.22001702 89623892.84053701 0.0 0.0 105.79314659510705 0.0 0.0 0.0
95.0 89623892.840537 89623894.461057 89623896.081577 0.0 0.0 105.79314659510705 0.0 0.0 0.0
96.0 89623896.081577 89623897.702097 89623899.32261701 0.0 0.0 105.79314659510705 0.0 0.0 0.0
97.0 89623899.32261701 89623900.94313702 89623902.56365702 0.0 0.0 105.79314659510705 0.0 0.0 0.0
98.0 89623902.563657 89623904.18417701 89623905.804697 0.0 0.0 105.79314659510705 0.0 0.0 0.0
99.0 89623905.804697 89623907.425217 89623909.04573701 0.0 0.0 105.79314659510705 0.0 0.0 0.0
100.0 89623909.045737 89623910.666257 89623912.286777 0.0 0.0 105.79314659510705 0.0 0.0 0.0
101.0 89623912.286777 89623913.90729702 89623915.52781701 0.0 0.0 105.79314659510705 0.0 0.0 0.0
102.0 89623915.527817 89623917.148337 89623918.768857 0.0 0.0 105.79314659510705 0.0 0.0 0.0
103.0 89623918.768857 89623920.389377 89623922.00989701 0.0 0.0 105.79314659510705 0.0 0.0 0.0
104.0 89623922.00989701 89623923.63041702 89623925.25093701 0.0 0.0 105.79314659510705 0.0 0.0 0.0
105.0 89623925.250937 89623926.87145701 89623928.491977 0.0 0.0 105.79314659510705 0.0 0.0 0.0
106.0 89623928.491977 89623930.112497 89623931.73301701 0.0 0.0 105.79314659510705 0.0 0.0 0.0
107.0 89623931.733017 89623933.353537 89623934.974057 0.0 0.0 105.79314659510705 0.0 0.0 0.0
108.0 89623934.974057 89623936.59457701 89623938.21509701 0.0 0.0 105.79314659510705 0.0 0.0 0.0
109.0 89623938.215097 89623939.835617 89623941.456137 0.0 0.0 105.79314659510705 0.0 0.0 0.0
110.0 89623941.456137 89623943.076657 89623944.69717701 0.0 0.0 105.79314659510705 0.0 0.0 0.0
111.0 89623944.69717701 89623946.31769702 89623947.93821701 0.0 0.0 105.79314659510705 0.0 0.0 0.0
112.0 89623947.938217 89623949.55873701 89623951.179257 0.0 0.0 105.79314659510705 0.0 0.0 0.0
113.0 89623951.179257 89623952.799777 89623954.42029701 0.0 0.0 105.79314659510705 0.0 0.0 0.0
114.0 89623954.420297 89623956.04081699 89623957.661337 0.0 0.0 105.79314659510705 0.0 0.0 0.0
115.0 89623957.661337 89623959.28185701 89623960.90237701 0.0 0.0 105.79314659510705 0.0 0.0 0.0
116.0 89623960.90237701 89623962.522897 89623964.14341702 0.0 0.0 105.79314659510705 0.0 0.0 0.0
117.0 89623964.143417 89623965.763937 89623967.384457 0.0 0.0 105.79314659510705 0.0 0.0 0.0
118.0 89623967.384457 89623969.00497702 89623970.62549701 0.0 0.0 105.79314659510705 0.0 0.0 0.0
119.0 89623970.625497 89623972.24601701 89623973.866537 0.0 0.0 105.79314659510705 0.0 0.0 0.0
120.0 89623973.866537 89623975.487057 89623977.10757701 0.0 0.0 105.79314659510705 0.0 0.0 0.0
121.0 89623977.107577 89623978.72809699 89623980.348617 0.0 0.0 105.79314659510705 0.0 0.0 0.0
122.0 89623980.348617 89623981.96913701 89623983.58965701 0.0 0.0 105.79314659510705 0.0 0.0 0.0
123.0 89623983.58965701 89623985.210177 89623986.83069701 0.0 0.0 105.79314659510705 0.0 0.0 0.0
124.0 89623986.830697 89623988.451217 89623990.071737 0.0 0.0 105.79314659510705 0.0 0.0 0.0
125.0 89623990.071737 89623991.69225702 89623993.31277701 0.0 0.0 105.79314659510705 0.0 0.0 0.0
126.0 89623993.312777 89623994.93329701 89623996.553817 0.0 0.0 105.79314659510705 0.0 0.0 0.0
127.0 89623996.553817 89623998.174337 89623999.79485701 0.0 0.0 105.79314659510705 0.0 0.0 0.0
128.0 89623999.794857 89624001.41537699 89624003.035897 0.0 0.0 105.79314659510705 0.0 0.0 0.0
129.0 89624003.035897 89624004.65641701 89624006.27693701 0.0 0.0 105.79314659510705 0.0 0.0 0.0
130.0 89624006.27693701 89624007.897457 89624009.51797701 0.0 0.0 105.79314659510705 0.0 0.0 0.0
131.0 89624009.517977 89624011.138497 89624012.759017 0.0 0.0 105.79314659510705 0.0 0.0 0.0
132.0 89624012.759017 89624014.37953702 89624016.00005701 0.0 0.0 105.79314659510705 0.0 0.0 0.0
133.0 89624016.000057 89624017.62057701 89624019.241097 0.0 0.0 105.79314659510705 0.0 0.0 0.0
134.0 89624019.241097 89624020.861617 89624022.48213701 0.0 0.0 105.79314659510705 0.0 0.0 0.0
135.0 89624022.48213701 89624024.10265702 89624025.72317702 0.0 0.0 105.79314659510705 0.0 0.0 0.0
136.0 89624025.723177 89624027.34369701 89624028.964217 0.0 0.0 105.79314659510705 0.0 0.0 0.0
137.0 89624028.964217 89624030.584737 89624032.20525701 0.0 0.0 105.79314659510705 0.0 0.0 0.0
138.0 89624032.205257 89624033.825777 89624035.446297 0.0 0.0 105.79314659510705 0.0 0.0 0.0
139.0 89624035.446297 89624037.06681702 89624038.68733701 0.0 0.0 105.79314659510705 0.0 0.0 0.0
140.0 89624038.687337 89624040.307857 89624041.928377 0.0 0.0 105.79314659510705 0.0 0.0 0.0
141.0 89624041.928377 89624043.548897 89624045.16941701 0.0 0.0 105.79314659510705 0.0 0.0 0.0
142.0 89624045.16941701 89624046.78993702 89624048.41045702 0.0 0.0 105.79314659510705 0.0 0.0 0.0
143.0 89624048.410457 89624050.03097701 89624051.651497 0.0 0.0 105.79314659510705 0.0 0.0 0.0
144.0 89624051.651497 89624053.272017 89624054.89253701 0.0 0.0 105.79314659510705 0.0 0.0 0.0
145.0 89624054.892537 89624056.513057 89624058.133577 0.0 0.0 105.79314659510705 0.0 0.0 0.0
146.0 89624058.133577 89624059.75409701 89624061.37461701 0.0 0.0 105.79314659510705 0.0 0.0 0.0
147.0 89624061.374617 89624062.995137 89624064.615657 0.0 0.0 105.79314659510705 0.0 0.0 0.0
148.0 89624064.615657 89624066.236177 89624067.85669701 0.0 0.0 105.79314659510705 0.0 0.0 0.0
149.0 89624067.85669701 89624069.47721702 89624071.09773701 0.0 0.0 105.79314659510705 0.0 0.0 0.0
150.0 89624071.097737 89624072.71825701 89624074.338777 0.0 0.0 105.79314659510705 0.0 0.0 0.0
151.0 89624074.338777 89624075.959297 89624077.57981701 0.0 0.0 105.79314659510705 0.0 0.0 0.0
152.0 89624077.579817 89624079.200337 89624080.820857 0.0 0.0 105.79314659510705 0.0 0.0 0.0
153.0 89624080.820857 89624082.44137701 89624084.06189701 0.0 0.0 105.79314659510705 0.0 0.0 0.0
154.0 89624084.06189701 89624085.682417 89624087.30293702 0.0 0.0 105.79314659510705 0.0 0.0 0.0
155.0 89624087.302937 89624088.923457 89624090.543977 0.0 0.0 105.79314659510705 0.0 0.0 0.0
156.0 89624090.543977 89624092.16449702 89624093.78501701 0.0 0.0 105.79314659510705 0.0 0.0 0.0
157.0 89624093.785017 89624095.40553701 89624097.026057 0.0 0.0 105.79314659510705 0.0 0.0 0.0
158.0 89624097.026057 89624098.646577 89624100.26709701 0.0 0.0 105.79314659510705 0.0 0.0 0.0
159.0 89624100.267097 89624101.88761699 89624103.508137 0.0 0.0 105.79314659510705 0.0 0.0 0.0
160.0 89624103.508137 89624105.12865701 89624106.74917701 0.0 0.0 105.79314659510705 0.0 0.0 0.0
161.0 89624106.74917701 89624108.369697 89624109.99021702 0.0 0.0 105.79314659510705 0.0 0.0 0.0
162.0 89624109.990217 89624111.610737 89624113.231257 0.0 0.0 105.79314659510705 0.0 0.0 0.0
163.0 89624113.231257 89624114.85177702 89624116.47229701 0.0 0.0 105.79314659510705 0.0 0.0 0.0
164.0 89624116.472297 89624118.09281701 89624119.713337 0.0 0.0 105.79314659510705 0.0 0.0 0.0
165.0 89624119.713337 89624121.333857 89624122.95437701 0.0 0.0 105.79314659510705 0.0 0.0 0.0
166.0 89624122.954377 89624124.57489699 89624126.195417 0.0 0.0 105.79314659510705 0.0 0.0 0.0
167.0 89624126.195417 89624127.81593701 89624129.43645701 0.0 0.0 105.79314659510705 0.0 0.0 0.0
168.0 89624129.43645701 89624131.056977 89624132.67749701 0.0 0.0 105.79314659510705 0.0 0.0 0.0
169.0 89624132.677497 89624134.298017 89624135.918537 0.0 0.0 105.79314659510705 0.0 0.0 0.0
170.0 89624135.918537 89624137.53905702 89624139.15957701 0.0 0.0 105.79314659510705 0.0 0.0 0.0
171.0 89624139.159577 89624140.78009701 89624142.400617 0.0 0.0 105.79314659510705 0.0 0.0 0.0
172.0 89624142.400617 89624144.021137 89624145.64165701 0.0 0.0 105.79314659510705 0.0 0.0 0.0
173.0 89624145.64165701 89624147.26217702 89624148.88269702 0.0 0.0 105.79314659510705 0.0 0.0 0.0
174.0 89624148.882697 89624150.50321701 89624152.123737 0.0 0.0 105.79314659510705 0.0 0.0 0.0
175.0 89624152.123737 89624153.744257 89624155.36477701 0.0 0.0 105.79314659510705 0.0 0.0 0.0
176.0 89624155.364777 89624156.985297 89624158.605817 0.0 0.0 105.79314659510705 0.0 0.0 0.0
177.0 89624158.605817 89624160.22633702 89624161.84685701 0.0 0.0 105.79314659510705 0.0 0.0 0.0
178.0 89624161.846857 89624163.467377 89624165.087897 0.0 0.0 105.79314659510705 0.0 0.0 0.0
179.0 89624165.087897 89624166.708417 89624168.32893701 0.0 0.0 105.79314659510705 0.0 0.0 0.0
180.0 89624168.32893701 89624169.94945702 89624171.56997702 0.0 0.0 105.79314659510705 0.0 0.0 0.0
181.0 89624171.569977 89624173.19049701 89624174.811017 0.0 0.0 105.79314659510705 0.0 0.0 0.0
182.0 89624174.811017 89624176.431537 89624178.05205701 0.0 0.0 105.79314659510705 0.0 0.0 0.0
183.0 89624178.052057 89624179.672577 89624181.293097 0.0 0.0 105.79314659510705 0.0 0.0 0.0
184.0 89624181.293097 89624182.91361701 89624184.53413701 0.0 0.0 105.79314659510705 0.0 0.0 0.0
185.0 89624184.534137 89624186.154657 89624187.775177 0.0 0.0 105.79314659510705 0.0 0.0 0.0
186.0 89624187.775177 89624189.395697 89624191.01621701 0.0 0.0 105.79314659510705 0.0 0.0 0.0
187.0 89624191.01621701 89624192.63673702 89624194.25725701 0.0 0.0 105.79314659510705 0.0 0.0 0.0
188.0 89624194.257257 89624195.87777701 89624197.498297 0.0 0.0 105.79314659510705 0.0 0.0 0.0
189.0 89624197.498297 89624199.118817 89624200.73933701 0.0 0.0 105.79314659510705 0.0 0.0 0.0
190.0 89624200.739337 89624202.359857 89624203.980377 0.0 0.0 105.79314659510705 0.0 0.0 0.0
191.0 89624203.980377 89624205.60089701 89624207.22141701 0.0 0.0 105.79314659510705 0.0 0.0 0.0
192.0 89624207.22141701 89624208.841937 89624210.46245702 0.0 0.0 105.79314659510705 0.0 0.0 0.0
193.0 89624210.462457 89624212.082977 89624213.70349701 0.0 0.0 105.79314659510705 0.0 0.0 0.0
194.0 89624213.70349701 89624215.32401702 89624216.94453701 0.0 0.0 105.79314659510705 0.0 0.0 0.0
195.0 89624216.944537 89624218.56505701 89624220.185577 0.0 0.0 105.79314659510705 0.0 0.0 0.0
196.0 89624220.185577 89624221.806097 89624223.42661701 0.0 0.0 105.79314659510705 0.0 0.0 0.0
197.0 89624223.426617 89624225.04713699 89624226.667657 0.0 0.0 105.79314659510705 0.0 0.0 0.0
198.0 89624226.667657 89624228.28817701 89624229.90869701 0.0 0.0 105.79314659510705 0.0 0.0 0.0
199.0 89624229.90869701 89624231.529217 89624233.14973702 0.0 0.0 105.79314659510705 0.0 0.0 0.0
200.0 89624233.149737 89624234.770257 89624236.390777 0.0 0.0 105.79314659510705 0.0 0.0 0.0
201.0 89624236.390777 89624238.01129702 89624239.63181701 0.0 0.0 105.79314659510705 0.0 0.0 0.0
202.0 89624239.631817 89624241.25233701 89624242.872857 0.0 0.0 105.79314659510705 0.0 0.0 0.0
203.0 89624242.872857 89624244.493377 89624246.11389701 0.0 0.0 105.79314659510705 0.0 0.0 0.0
204.0 89624246.113897 89624247.73441699 89624249.354937 0.0 0.0 105.79314659510705 0.0 0.0 0.0
205.0 89624249.354937 89624250.97545701 89624252.59597701 0.0 0.0 105.79314659510705 0.0 0.0 0.0
206.0 89624252.59597701 89624254.216497 89624255.83701701 0.0 0.0 105.79314659510705 0.0 0.0 0.0
207.0 89624255.837017 89624257.457537 89624259.078057 0.0 0.0 105.79314659510705 0.0 0.0 0.0
208.0 89624259.078057 89624260.69857702 89624262.31909701 0.0 0.0 105.79314659510705 0.0 0.0 0.0
209.0 89624262.319097 89624263.93961701 89624265.560137 0.0 0.0 105.79314659510705 0.0 0.0 0.0
210.0 89624265.560137 89624267.180657 89624268.80117701 0.0 0.0 105.79314659510705 0.0 0.0 0.0
211.0 89624268.801177 89624270.42169699 89624272.042217 0.0 0.0 105.79314659510705 0.0 0.0 0.0
212.0 89624272.042217 89624273.66273701 89624275.28325701 0.0 0.0 105.79314659510705 0.0 0.0 0.0
213.0 89624275.28325701 89624276.903777 89624278.52429701 0.0 0.0 105.79314659510705 0.0 0.0 0.0
214.0 89624278.524297 89624280.144817 89624281.765337 0.0 0.0 105.79314659510705 0.0 0.0 0.0
215.0 89624281.765337 89624283.38585702 89624285.00637701 0.0 0.0 105.79314659510705 0.0 0.0 0.0
216.0 89624285.006377 89624286.626897 89624288.247417 0.0 0.0 105.79314659510705 0.0 0.0 0.0
217.0 89624288.247417 89624289.867937 89624291.48845701 0.0 0.0 105.79314659510705 0.0 0.0 0.0
218.0 89624291.48845701 89624293.10897702 89624294.72949702 0.0 0.0 105.79314659510705 0.0 0.0 0.0
219.0 89624294.729497 89624296.35001701 89624297.970537 0.0 0.0 105.79314659510705 0.0 0.0 0.0
220.0 89624297.970537 89624299.591057 89624301.21157701 0.0 0.0 105.79314659510705 0.0 0.0 0.0
221.0 89624301.211577 89624302.832097 89624304.452617 0.0 0.0 105.79314659510705 0.0 0.0 0.0
222.0 89624304.452617 89624306.07313702 89624307.69365701 0.0 0.0 105.79314659510705 0.0 0.0 0.0
223.0 89624307.693657 89624309.314177 89624310.934697 0.0 0.0 105.79314659510705 0.0 0.0 0.0
224.0 89624310.934697 89624312.555217 89624314.17573701 0.0 0.0 105.79314659510705 0.0 0.0 0.0
225.0 89624314.17573701 89624315.79625702 89624317.41677701 0.0 0.0 105.79314659510705 0.0 0.0 0.0
226.0 89624317.416777 89624319.03729701 89624320.657817 0.0 0.0 105.79314659510705 0.0 0.0 0.0
227.0 89624320.657817 89624322.278337 89624323.89885701 0.0 0.0 105.79314659510705 0.0 0.0 0.0
228.0 89624323.898857 89624325.519377 89624327.139897 0.0 0.0 105.79314659510705 0.0 0.0 0.0
229.0 89624327.139897 89624328.76041701 89624330.38093701 0.0 0.0 105.79314659510705 0.0 0.0 0.0
230.0 89624330.380937 89624332.001457 89624333.621977 0.0 0.0 105.79314659510705 0.0 0.0 0.0
231.0 89624333.621977 89624335.242497 89624336.86301701 0.0 0.0 105.79314659510705 0.0 0.0 0.0
232.0 89624336.86301701 89624338.48353702 89624340.10405701 0.0 0.0 105.79314659510705 0.0 0.0 0.0
233.0 89624340.104057 89624341.72457701 89624343.345097 0.0 0.0 105.79314659510705 0.0 0.0 0.0
234.0 89624343.345097 89624344.965617 89624346.58613701 0.0 0.0 105.79314659510705 0.0 0.0 0.0
235.0 89624346.586137 89624348.20665699 89624349.827177 0.0 0.0 105.79314659510705 0.0 0.0 0.0
236.0 89624349.827177 89624351.44769701 89624353.06821701 0.0 0.0 105.79314659510705 0.0 0.0 0.0
237.0 89624353.06821701 89624354.688737 89624356.30925702 0.0 0.0 105.79314659510705 0.0 0.0 0.0
238.0 89624356.309257 89624357.929777 89624359.550297 0.0 0.0 105.79314659510705 0.0 0.0 0.0
239.0 89624359.550297 89624361.17081702 89624362.79133701 0.0 0.0 105.79314659510705 0.0 0.0 0.0
240.0 89624362.791337 89624364.41185701 89624366.032377 0.0 0.0 105.79314659510705 0.0 0.0 0.0
241.0 89624366.032377 89624367.652897 89624369.27341701 0.0 0.0 105.79314659510705 0.0 0.0 0.0
242.0 89624369.273417 89624370.89393699 89624372.514457 0.0 0.0 105.79314659510705 0.0 0.0 0.0
243.0 89624372.514457 89624374.13497701 89624375.75549701 0.0 0.0 105.79314659510705 0.0 0.0 0.0
244.0 89624375.75549701 89624377.376017 89624378.99653701 0.0 0.0 105.79314659510705 0.0 0.0 0.0
245.0 89624378.996537 89624380.617057 89624382.237577 0.0 0.0 105.79314659510705 0.0 0.0 0.0
246.0 89624382.237577 89624383.85809702 89624385.47861701 0.0 0.0 105.79314659510705 0.0 0.0 0.0
247.0 89624385.478617 89624387.09913701 89624388.719657 0.0 0.0 105.79314659510705 0.0 0.0 0.0
248.0 89624388.719657 89624390.340177 89624391.96069701 0.0 0.0 105.79314659510705 0.0 0.0 0.0
249.0 89624391.960697 89624393.58121699 89624395.201737 0.0 0.0 105.79314659510705 0.0 0.0 0.0
250.0 89624395.201737 89624396.82225701 89624398.44277701 0.0 0.0 105.79314659510705 0.0 0.0 0.0
251.0 89624398.44277701 89624400.063297 89624401.68381701 0.0 0.0 105.79314659510705 0.0 0.0 0.0
252.0 89624401.683817 89624403.304337 89624404.924857 0.0 0.0 105.79314659510705 0.0 0.0 0.0
253.0 89624404.924857 89624406.54537702 89624408.16589701 0.0 0.0 105.79314659510705 0.0 0.0 0.0
254.0 89624408.165897 89624409.786417 89624411.406937 0.0 0.0 105.79314659510705 0.0 0.0 0.0
255.0 89624411.406937 89624413.027457 89624414.64797701 0.0 0.0 105.79314659510705 0.0 0.0 0.0
256.0 89624414.64797701 89624416.26849702 89624417.88901702 0.0 0.0 105.79314659510705 0.0 0.0 0.0
257.0 89624417.889017 89624419.50953701 89624421.130057 0.0 0.0 105.79314659510705 0.0 0.0 0.0
258.0 89624421.130057 89624422.750577 89624424.37109701 0.0 0.0 105.79314659510705 0.0 0.0 0.0
259.0 89624424.371097 89624425.991617 89624427.612137 0.0 0.0 105.79314659510705 0.0 0.0 0.0
260.0 89624427.612137 89624429.23265702 89624430.85317701 0.0 0.0 105.79314659510705 0.0 0.0 0.0
261.0 89624430.853177 89624432.473697 89624434.094217 0.0 0.0 105.79314659510705 0.0 0.0 0.0
262.0 89624434.094217 89624435.714737 89624437.33525701 0.0 0.0 105.79314659510705 0.0 0.0 0.0
263.0 89624437.33525701 89624438.95577702 89624440.57629701 0.0 0.0 105.79314659510705 0.0 0.0 0.0
264.0 89624440.576297 89624442.19681701 89624443.817337 0.0 0.0 105.79314659510705 0.0 0.0 0.0
265.0 89624443.817337 89624445.437857 89624447.05837701 0.0 0.0 105.79314659510705 0.0 0.0 0.0
266.0 89624447.058377 89624448.678897 89624450.299417 0.0 0.0 105.79314659510705 0.0 0.0 0.0
267.0 89624450.299417 89624451.91993701 89624453.54045701 0.0 0.0 105.79314659510705 0.0 0.0 0.0
268.0 89624453.540457 89624455.160977 89624456.781497 0.0 0.0 105.79314659510705 0.0 0.0 0.0
269.0 89624456.781497 89624458.402017 89624460.02253701 0.0 0.0 105.79314659510705 0.0 0.0 0.0
270.0 89624460.02253701 89624461.64305702 89624463.26357701 0.0 0.0 105.79314659510705 0.0 0.0 0.0
271.0 89624463.263577 89624464.88409701 89624466.504617 0.0 0.0 105.79314659510705 0.0 0.0 0.0
272.0 89624466.504617 89624468.125137 89624469.74565701 0.0 0.0 105.79314659510705 0.0 0.0 0.0
273.0 89624469.745657 89624471.366177 89624472.986697 0.0 0.0 105.79314659510705 0.0 0.0 0.0
274.0 89624472.986697 89624474.60721701 89624476.22773701 0.0 0.0 105.79314659510705 0.0 0.0 0.0
275.0 89624476.22773701 89624477.848257 89624479.46877702 0.0 0.0 105.79314659510705 0.0 0.0 0.0
276.0 89624479.468777 89624481.089297 89624482.709817 0.0 0.0 105.79314659510705 0.0 0.0 0.0
277.0 89624482.709817 89624484.33033702 89624485.95085701 0.0 0.0 105.79314659510705 0.0 0.0 0.0
278.0 89624485.950857 89624487.57137701 89624489.191897 0.0 0.0 105.79314659510705 0.0 0.0 0.0
279.0 89624489.191897 89624490.812417 89624492.43293701 0.0 0.0 105.79314659510705 0.0 0.0 0.0
280.0 89624492.432937 89624494.05345699 89624495.673977 0.0 0.0 105.79314659510705 0.0 0.0 0.0
281.0 89624495.673977 89624497.29449701 89624498.91501701 0.0 0.0 105.79314659510705 0.0 0.0 0.0
282.0 89624498.91501701 89624500.535537 89624502.15605702 0.0 0.0 105.79314659510705 0.0 0.0 0.0
283.0 89624502.156057 89624503.776577 89624505.397097 0.0 0.0 105.79314659510705 0.0 0.0 0.0
284.0 89624505.397097 89624507.01761702 89624508.63813701 0.0 0.0 105.79314659510705 0.0 0.0 0.0
285.0 89624508.638137 89624510.25865701 89624511.879177 0.0 0.0 105.79314659510705 0.0 0.0 0.0
286.0 89624511.879177 89624513.499697 89624515.12021701 0.0 0.0 105.79314659510705 0.0 0.0 0.0
287.0 89624515.120217 89624516.74073699 89624518.361257 0.0 0.0 105.79314659510705 0.0 0.0 0.0
288.0 89624518.361257 89624519.98177701 89624521.60229701 0.0 0.0 105.79314659510705 0.0 0.0 0.0
289.0 89624521.60229701 89624523.222817 89624524.84333701 0.0 0.0 105.79314659510705 0.0 0.0 0.0
290.0 89624524.843337 89624526.463857 89624528.084377 0.0 0.0 105.79314659510705 0.0 0.0 0.0
291.0 89624528.084377 89624529.70489702 89624531.32541701 0.0 0.0 105.79314659510705 0.0 0.0 0.0
292.0 89624531.325417 89624532.94593701 89624534.566457 0.0 0.0 105.79314659510705 0.0 0.0 0.0
293.0 89624534.566457 89624536.186977 89624537.80749701 0.0 0.0 105.79314659510705 0.0 0.0 0.0
294.0 89624537.80749701 89624539.42801702 89624541.04853702 0.0 0.0 105.79314659510705 0.0 0.0 0.0
295.0 89624541.048537 89624542.66905701 89624544.289577 0.0 0.0 105.79314659510705 0.0 0.0 0.0
296.0 89624544.289577 89624545.910097 89624547.53061701 0.0 0.0 105.79314659510705 0.0 0.0 0.0
297.0 89624547.530617 89624549.151137 89624550.771657 0.0 0.0 105.79314659510705 0.0 0.0 0.0
298.0 89624550.771657 89624552.39217702 89624554.01269701 0.0 0.0 105.79314659510705 0.0 0.0 0.0
299.0 89624554.012697 89624555.633217 89624557.253737 0.0 0.0 105.79314659510705 0.0 0.0 0.0
300.0 89624557.253737 89624558.874257 89624560.49477701 0.0 0.0 105.79314659510705 0.0 0.0 0.0
301.0 89624560.49477701 89624562.11529702 89624563.73581702 0.0 0.0 105.79314659510705 0.0 0.0 0.0
302.0 89624563.735817 89624565.35633701 89624566.976857 0.0 0.0 105.79314659510705 0.0 0.0 0.0
303.0 89624566.976857 89624568.597377 89624570.21789701 0.0 0.0 105.79314659510705 0.0 0.0 0.0
304.0 89624570.217897 89624571.838417 89624573.458937 0.0 0.0 105.79314659510705 0.0 0.0 0.0
305.0 89624573.458937 89624575.07945701 89624576.69997701 0.0 0.0 105.79314659510705 0.0 0.0 0.0
306.0 89624576.699977 89624578.320497 89624579.941017 0.0 0.0 105.79314659510705 0.0 0.0 0.0
307.0 89624579.941017 89624581.561537 89624583.18205701 0.0 0.0 105.79314659510705 0.0 0.0 0.0
308.0 89624583.18205701 89624584.80257702 89624586.42309701 0.0 0.0 105.79314659510705 0.0 0.0 0.0
309.0 89624586.423097 89624588.04361701 89624589.664137 0.0 0.0 105.79314659510705 0.0 0.0 0.0
310.0 89624589.664137 89624591.284657 89624592.90517701 0.0 0.0 105.79314659510705 0.0 0.0 0.0
311.0 89624592.905177 89624594.525697 89624596.146217 0.0 0.0 105.79314659510705 0.0 0.0 0.0
312.0 89624596.146217 89624597.76673701 89624599.38725701 0.0 0.0 105.79314659510705 0.0 0.0 0.0
313.0 89624599.38725701 89624601.007777 89624602.62829702 0.0 0.0 105.79314659510705 0.0 0.0 0.0
314.0 89624602.628297 89624604.248817 89624605.869337 0.0 0.0 105.79314659510705 0.0 0.0 0.0
315.0 89624605.869337 89624607.48985702 89624609.11037701 0.0 0.0 105.79314659510705 0.0 0.0 0.0
316.0 89624609.110377 89624610.73089701 89624612.351417 0.0 0.0 105.79314659510705 0.0 0.0 0.0
317.0 89624612.351417 89624613.971937 89624615.59245701 0.0 0.0 105.79314659510705 0.0 0.0 0.0
318.0 89624615.592457 89624617.21297699 89624618.833497 0.0 0.0 105.79314659510705 0.0 0.0 0.0
319.0 89624618.833497 89624620.45401701 89624622.07453701 0.0 0.0 105.79314659510705 0.0 0.0 0.0
320.0 89624622.07453701 89624623.695057 89624625.31557702 0.0 0.0 105.79314659510705 0.0 0.0 0.0
321.0 89624625.315577 89624626.936097 89624628.556617 0.0 0.0 105.79314659510705 0.0 0.0 0.0
322.0 89624628.556617 89624630.17713702 89624631.79765701 0.0 0.0 105.79314659510705 0.0 0.0 0.0
323.0 89624631.797657 89624633.41817701 89624635.038697 0.0 0.0 105.79314659510705 0.0 0.0 0.0
324.0 89624635.038697 89624636.659217 89624638.27973701 0.0 0.0 105.79314659510705 0.0 0.0 0.0
325.0 89624638.279737 89624639.90025699 89624641.520777 0.0 0.0 105.79314659510705 0.0 0.0 0.0
326.0 89624641.520777 89624643.14129701 89624644.76181701 0.0 0.0 105.79314659510705 0.0 0.0 0.0
327.0 89624644.76181701 89624646.382337 89624648.00285701 0.0 0.0 105.79314659510705 0.0 0.0 0.0
328.0 89624648.002857 89624649.623377 89624651.243897 0.0 0.0 105.79314659510705 0.0 0.0 0.0
329.0 89624651.243897 89624652.86441702 89624654.48493701 0.0 0.0 105.79314659510705 0.0 0.0 0.0
330.0 89624654.484937 89624656.10545701 89624657.725977 0.0 0.0 105.79314659510705 0.0 0.0 0.0
331.0 89624657.725977 89624659.346497 89624660.96701701 0.0 0.0 105.79314659510705 0.0 0.0 0.0
332.0 89624660.96701701 89624662.58753702 89624664.20805702 0.0 0.0 105.79314659510705 0.7767869216636106 0.0 0.0
333.0 89624664.208057 89624665.82857701 89624667.44909701 0.0 0.0 105.79314659510705 3.200000006200432 0.0 0.0
334.0 89624667.44909701 89624669.069617 89624670.69013701 0.0 0.0 105.79314659510705 3.200000006200432 0.0 0.0
335.0 89624670.690137 89624672.310657 89624673.931177 0.0 0.0 105.79314659510705 3.200000006200432 0.0 0.0
336.0 89624673.931177 89624675.55169702 89624677.17221701 0.0 0.0 105.79314659510705 3.200000006200432 0.0 0.0
337.0 89624677.172217 89624678.792737 89624680.413257 0.0 0.0 105.79314659510705 3.200000006200432 0.0 0.0
338.0 89624680.413257 89624682.033777 89624683.65429701 0.0 0.0 105.79314659510705 3.200000006200432 0.0 0.0
339.0 89624683.65429701 89624685.27481702 89624686.89533702 0.0 0.0 105.79314659510705 3.200000006200432 0.0 0.0
340.0 89624686.895337 89624688.51585701 89624690.136377 0.0 0.0 105.79314659510705 3.200000006200432 0.0 0.0
341.0 89624690.136377 89624691.756897 89624693.37741701 0.0 0.0 105.79314659510705 3.200000006200432 0.0 0.0
342.0 89624693.377417 89624694.997937 89624696.618457 0.0 0.0 105.79314659510705 3.200000006200432 0.0 0.0
343.0 89624696.618457 89624698.23897702 89624699.85949701 0.0 0.0 105.79314659510705 3.200000006200432 0.0 0.0
344.0 89624699.859497 89624701.480017 89624703.100537 0.0 0.0 105.79314659510705 3.200000006200432 0.0 0.0
345.0 89624703.100537 89624704.721057 89624706.34157701 0.0 0.0 105.79314659510705 3.200000006200432 0.0 0.0
346.0 89624706.34157701 89624707.96209702 89624709.58261701 0.0 0.0 105.79314659510705 3.200000006200432 0.0 0.0
347.0 89624709.582617 89624711.20313701 89624712.823657 0.0 0.0 105.79314659510705 3.200000006200432 0.0 0.0
348.0 89624712.823657 89624714.444177 89624716.06469701 0.0 0.0 105.79314659510705 3.200000006200432 0.0 0.0
349.0 89624716.064697 89624717.685217 89624719.305737 0.0 0.0 105.79314659510705 3.200000006200432 0.0 0.0
350.0 89624719.305737 89624720.92625701 89624722.54677701 0.0 0.0 105.79314659510705 3.200000006200432 0.0 0.0
351.0 89624722.546777 89624724.167297 89624725.787817 0.0 0.0 105.79314659510705 3.200000006200432 0.0 0.0
352.0 89624725.787817 89624727.408337 89624729.02885701 0.0 0.0 105.79314659510705 3.200000006200432 0.0 0.0
353.0 89624729.02885701 89624730.64937702 89624732.26989701 0.0 0.0 105.79314659510705 3.200000006200432 0.0 0.0
354.0 89624732.269897 89624733.89041701 89624735.510937 0.0 0.0 105.79314659510705 3.200000006200432 0.0 0.0
355.0 89624735.510937 89624737.131457 89624738.75197701 0.0 0.0 105.79314659510705 3.200000006200432 0.0 0.0
356.0 89624738.751977 89624740.37249699 89624741.993017 0.0 0.0 105.79314659510705 3.200000006200432 0.0 0.0
357.0 89624741.993017 89624743.61353701 89624745.23405701 0.0 0.0 105.79314659510705 3.200000006200432 0.0 0.0
358.0 89624745.23405701 89624746.854577 89624748.47509702 0.0 0.0 105.79314659510705 3.200000006200432 0.0 0.0
359.0 89624748.475097 89624750.095617 89624751.716137 0.0 0.0 105.79314659510705 3.200000006200432 0.0 0.0
360.0 89624751.716137 89624753.33665702 89624754.95717701 0.0 0.0 105.79314659510705 3.200000006200432 0.0 0.0
361.0 89624754.957177 89624756.57769701 89624758.198217 0.0 0.0 105.79314659510705 3.200000006200432 0.0 0.0
362.0 89624758.198217 89624759.818737 89624761.43925701 0.0 0.0 105.79314659510705 3.200000006200432 0.0 0.0
363.0 89624761.439257 89624763.05977699 89624764.680297 0.0 0.0 105.79314659510705 3.200000006200432 0.0 0.0
364.0 89624764.680297 89624766.30081701 89624767.92133701 0.0 0.0 105.79314659510705 3.200000006200432 0.0 0.0
365.0 89624767.92133701 89624769.541857 89624771.16237701 0.0 0.0 105.79314659510705 3.200000006200432 0.0 0.0
366.0 89624771.162377 89624772.782897 89624774.403417 0.0 0.0 105.79314659510705 3.200000006200432 0.0 0.0
367.0 89624774.403417 89624776.02393702 89624777.64445701 1.0 1.0 105.79314659510705 3.200000006200432 0.3124999993944891 0.3124999993944891
368.0 89624777.644457 89624779.26497701 89624780.885497 0.0 0.0 105.79314659510705 3.200000006200432 0.0 0.0
369.0 89624780.885497 89624782.506017 89624784.12653701 0.0 0.0 105.79314659510705 3.200000006200432 0.0 0.0
370.0 89624784.126537 89624785.74705699 89624787.367577 0.0 0.0 105.79314659510705 3.200000006200432 0.0 0.0
371.0 89624787.367577 89624788.98809701 89624790.60861701 0.0 0.0 105.79314659510705 3.200000006200432 0.0 0.0
372.0 89624790.60861701 89624792.229137 89624793.84965701 0.0 0.0 105.79314659510705 3.200000006200432 0.0 0.0
373.0 89624793.849657 89624795.470177 89624797.090697 0.0 0.0 105.79314659510705 3.200000006200432 0.0 0.0
374.0 89624797.090697 89624798.71121702 89624800.33173701 0.0 0.0 105.79314659510705 3.200000006200432 0.0 0.0
375.0 89624800.331737 89624801.952257 89624803.572777 0.0 0.0 105.79314659510705 3.200000006200432 0.0 0.0
376.0 89624803.572777 89624805.193297 89624806.81381701 0.0 0.0 105.79314659510705 3.200000006200432 0.0 0.0
377.0 89624806.81381701 89624808.43433702 89624810.05485702 0.0 0.0 105.79314659510705 3.200000006200432 0.0 0.0
378.0 89624810.054857 89624811.67537701 89624813.295897 0.0 0.0 105.79314659510705 3.200000006200432 0.0 0.0
379.0 89624813.295897 89624814.916417 89624816.53693701 1.0 1.0 105.79314659510705 3.200000006200432 0.3124999993944891 0.3124999993944891
380.0 89624816.536937 89624818.157457 89624819.777977 0.0 0.0 105.79314659510705 3.200000006200432 0.0 0.0
381.0 89624819.777977 89624821.39849702 89624823.01901701 0.0 0.0 105.79314659510705 3.200000006200432 0.0 0.0
382.0 89624823.019017 89624824.639537 89624826.260057 0.0 0.0 105.79314659510705 3.200000006200432 0.0 0.0
383.0 89624826.260057 89624827.880577 89624829.50109701 0.0 0.0 105.79314659510705 3.200000006200432 0.0 0.0
384.0 89624829.50109701 89624831.12161702 89624832.74213701 0.0 0.0 105.79314659510705 3.200000006200432 0.0 0.0
385.0 89624832.742137 89624834.36265701 89624835.983177 0.0 0.0 105.79314659510705 3.200000006200432 0.0 0.0
386.0 89624835.983177 89624837.603697 89624839.22421701 0.0 0.0 105.79314659510705 3.200000006200432 0.0 0.0
387.0 89624839.224217 89624840.844737 89624842.465257 0.0 0.0 105.79314659510705 3.200000006200432 0.0 0.0
388.0 89624842.465257 89624844.08577701 89624845.70629701 0.0 0.0 105.79314659510705 3.200000006200432 0.0 0.0
389.0 89624845.706297 89624847.326817 89624848.947337 0.0 0.0 105.79314659510705 3.200000006200432 0.0 0.0
390.0 89624848.947337 89624850.567857 89624852.18837701 0.0 0.0 105.79314659510705 3.200000006200432 0.0 0.0
391.0 89624852.18837701 89624853.80889702 89624855.42941701 0.0 0.0 105.79314659510705 3.200000006200432 0.0 0.0
392.0 89624855.429417 89624857.04993701 89624858.670457 0.0 0.0 105.79314659510705 3.200000006200432 0.0 0.0
393.0 89624858.670457 89624860.290977 89624861.91149701 0.0 0.0 105.79314659510705 3.200000006200432 0.0 0.0
394.0 89624861.911497 89624863.532017 89624865.152537 0.0 0.0 105.79314659510705 3.200000006200432 0.0 0.0
395.0 89624865.152537 89624866.77305701 89624868.39357701 0.0 0.0 105.79314659510705 3.200000006200432 0.0 0.0
396.0 89624868.39357701 89624870.014097 89624871.63461702 0.0 0.0 105.79314659510705 3.200000006200432 0.0 0.0
397.0 89624871.634617 89624873.255137 89624874.875657 0.0 0.0 105.79314659510705 3.200000006200432 0.0 0.0
398.0 89624874.875657 89624876.49617702 89624878.11669701 0.0 0.0 105.79314659510705 3.200000006200432 0.0 0.0
399.0 89624878.116697 89624879.73721701 89624881.357737 1.0 1.0 105.79314659510705 3.200000006200432 0.3124999993944891 0.3124999993944891
400.0 89624881.357737 89624882.978257 89624884.59877701 0.0 0.0 105.79314659510705 3.200000006200432 0.0 0.0
401.0 89624884.598777 89624886.21929699 89624887.839817 0.0 0.0 105.79314659510705 3.200000006200432 0.0 0.0
402.0 89624887.839817 89624889.46033701 89624891.08085701 0.0 0.0 105.79314659510705 3.200000006200432 0.0 0.0
403.0 89624891.08085701 89624892.701377 89624894.32189701 0.0 0.0 105.79314659510705 3.200000006200432 0.0 0.0
404.0 89624894.321897 89624895.942417 89624897.562937 0.0 0.0 105.79314659510705 3.200000006200432 0.0 0.0
405.0 89624897.562937 89624899.18345702 89624900.80397701 0.0 0.0 105.79314659510705 3.200000006200432 0.0 0.0
406.0 89624900.803977 89624902.42449701 89624904.045017 1.0 1.0 105.79314659510705 3.200000006200432 0.3124999993944891 0.3124999993944891
407.0 89624904.045017 89624905.665537 89624907.28605701 0.0 0.0 105.79314659510705 3.200000006200432 0.0 0.0
408.0 89624907.286057 89624908.90657699 89624910.527097 0.0 0.0 105.79314659510705 3.200000006200432 0.0 0.0
409.0 89624910.527097 89624912.14761701 89624913.76813701 0.0 0.0 105.79314659510705 3.200000006200432 0.0 0.0
410.0 89624913.76813701 89624915.388657 89624917.00917701 0.0 0.0 105.79314659510705 3.200000006200432 0.0 0.0
411.0 89624917.009177 89624918.629697 89624920.250217 0.0 0.0 105.79314659510705 3.200000006200432 0.0 0.0
412.0 89624920.250217 89624921.87073702 89624923.49125701 0.0 0.0 105.79314659510705 3.200000006200432 0.0 0.0
413.0 89624923.491257 89624925.11177701 89624926.732297 0.0 0.0 105.79314659510705 3.200000006200432 0.0 0.0
414.0 89624926.732297 89624928.352817 89624929.97333701 0.0 0.0 105.79314659510705 3.200000006200432 0.0 0.0
415.0 89624929.97333701 89624931.59385702 89624933.21437702 0.0 0.0 105.79314659510705 3.200000006200432 0.0 0.0
416.0 89624933.214377 89624934.83489701 89624936.455417 0.0 0.0 105.79314659510705 3.200000006200432 0.0 0.0
417.0 89624936.455417 89624938.075937 89624939.69645701 0.0 0.0 105.79314659510705 3.200000006200432 0.0 0.0
418.0 89624939.696457 89624941.316977 89624942.937497 0.0 0.0 105.79314659510705 3.200000006200432 0.0 0.0
419.0 89624942.937497 89624944.55801702 89624946.17853701 0.0 0.0 105.79314659510705 3.200000006200432 0.0 0.0
420.0 89624946.178537 89624947.799057 89624949.419577 0.0 0.0 105.79314659510705 3.200000006200432 0.0 0.0
421.0 89624949.419577 89624951.040097 89624952.66061701 0.0 0.0 105.79314659510705 3.200000006200432 0.0 0.0
422.0 89624952.66061701 89624954.28113702 89624955.90165702 0.0 0.0 105.79314659510705 3.200000006200432 0.0 0.0
423.0 89624955.901657 89624957.52217701 89624959.142697 0.0 0.0 105.79314659510705 3.200000006200432 0.0 0.0
424.0 89624959.142697 89624960.763217 89624962.38373701 0.0 0.0 105.79314659510705 3.200000006200432 0.0 0.0
425.0 89624962.383737 89624964.004257 89624965.624777 0.0 0.0 105.79314659510705 3.200000006200432 0.0 0.0
426.0 89624965.624777 89624967.24529701 89624968.86581701 0.0 0.0 105.79314659510705 3.200000006200432 0.0 0.0
427.0 89624968.865817 89624970.486337 89624972.106857 0.0 0.0 105.79314659510705 3.200000006200432 0.0 0.0
428.0 89624972.106857 89624973.727377 89624975.34789701 0.0 0.0 105.79314659510705 3.200000006200432 0.0 0.0
429.0 89624975.34789701 89624976.96841702 89624978.58893701 0.0 0.0 105.79314659510705 3.200000006200432 0.0 0.0
430.0 89624978.588937 89624980.20945701 89624981.829977 0.0 0.0 105.79314659510705 3.200000006200432 0.0 0.0
431.0 89624981.829977 89624983.450497 89624985.07101701 0.0 0.0 105.79314659510705 3.200000006200432 0.0 0.0
432.0 89624985.071017 89624986.691537 89624988.312057 0.0 0.0 105.79314659510705 3.200000006200432 0.0 0.0
433.0 89624988.312057 89624989.93257701 89624991.55309701 0.0 0.0 105.79314659510705 3.200000006200432 0.0 0.0
434.0 89624991.55309701 89624993.173617 89624994.79413702 0.0 0.0 105.79314659510705 3.200000006200432 0.0 0.0
435.0 89624994.794137 89624996.414657 89624998.035177 0.0 0.0 105.79314659510705 3.200000006200432 0.0 0.0
436.0 89624998.035177 89624999.65569702 89625001.27621701 0.0 0.0 105.79314659510705 3.200000006200432 0.0 0.0
437.0 89625001.276217 89625002.89673701 89625004.517257 0.0 0.0 105.79314659510705 3.200000006200432 0.0 0.0
438.0 89625004.517257 89625006.137777 89625007.75829701 0.0 0.0 105.79314659510705 3.200000006200432 0.0 0.0
439.0 89625007.758297 89625009.37881699 89625010.999337 0.0 0.0 105.79314659510705 3.200000006200432 0.0 0.0
440.0 89625010.999337 89625012.61985701 89625014.24037701 0.0 0.0 105.79314659510705 3.200000006200432 0.0 0.0
441.0 89625014.24037701 89625015.860897 89625017.48141702 0.0 0.0 105.79314659510705 3.200000006200432 0.0 0.0
442.0 89625017.481417 89625019.101937 89625020.722457 1.0 1.0 105.79314659510705 3.200000006200432 0.3124999993944891 0.3124999993944891
443.0 89625020.722457 89625022.34297702 89625023.96349701 0.0 0.0 105.79314659510705 3.200000006200432 0.0 0.0
444.0 89625023.963497 89625025.58401701 89625027.204537 0.0 0.0 105.79314659510705 3.200000006200432 0.0 0.0
445.0 89625027.204537 89625028.825057 89625030.44557701 0.0 0.0 105.79314659510705 3.200000006200432 0.0 0.0
446.0 89625030.445577 89625032.06609699 89625033.686617 0.0 0.0 105.79314659510705 3.200000006200432 0.0 0.0
447.0 89625033.686617 89625035.30713701 89625036.92765701 0.0 0.0 105.79314659510705 3.200000006200432 0.0 0.0
448.0 89625036.92765701 89625038.548177 89625040.16869701 0.0 0.0 105.79314659510705 3.200000006200432 0.0 0.0
449.0 89625040.168697 89625041.789217 89625043.409737 0.0 0.0 105.79314659510705 3.200000006200432 0.0 0.0
450.0 89625043.409737 89625045.03025702 89625046.65077701 0.0 0.0 105.79314659510705 3.200000006200432 0.0 0.0
451.0 89625046.650777 89625048.27129701 89625049.891817 0.0 0.0 105.79314659510705 3.200000006200432 0.0 0.0
452.0 89625049.891817 89625051.512337 89625053.13285701 0.0 0.0 105.79314659510705 3.200000006200432 0.0 0.0
453.0 89625053.13285701 89625054.75337702 89625056.37389702 0.0 0.0 105.79314659510705 3.200000006200432 0.0 0.0
454.0 89625056.373897 89625057.99441701 89625059.614937 0.0 0.0 105.79314659510705 3.200000006200432 0.0 0.0
455.0 89625059.614937 89625061.235457 89625062.85597701 0.0 0.0 105.79314659510705 3.200000006200432 0.0 0.0
456.0 89625062.855977 89625064.476497 89625066.097017 0.0 0.0 105.79314659510705 3.200000006200432 0.0 0.0
457.0 89625066.097017 89625067.71753702 89625069.33805701 0.0 0.0 105.79314659510705 3.200000006200432 0.0 0.0
458.0 89625069.338057 89625070.958577 89625072.579097 0.0 0.0 105.79314659510705 3.200000006200432 0.0 0.0
459.0 89625072.579097 89625074.199617 89625075.82013701 0.0 0.0 105.79314659510705 3.200000006200432 0.0 0.0
460.0 89625075.82013701 89625077.44065702 89625079.06117702 0.0 0.0 105.79314659510705 3.200000006200432 0.0 0.0
461.0 89625079.061177 89625080.68169701 89625082.302217 0.0 0.0 105.79314659510705 3.200000006200432 0.0 0.0
462.0 89625082.302217 89625083.922737 89625085.54325701 0.0 0.0 105.79314659510705 3.200000006200432 0.0 0.0
463.0 89625085.543257 89625087.163777 89625088.784297 0.0 0.0 105.79314659510705 3.200000006200432 0.0 0.0
464.0 89625088.784297 89625090.40481701 89625092.02533701 0.0 0.0 105.79314659510705 3.200000006200432 0.0 0.0
465.0 89625092.025337 89625093.645857 89625095.266377 0.0 0.0 105.79314659510705 3.200000006200432 0.0 0.0
466.0 89625095.266377 89625096.886897 89625098.50741701 0.0 0.0 105.79314659510705 3.200000006200432 0.0 0.0
467.0 89625098.50741701 89625100.12793702 89625101.74845701 0.0 0.0 105.79314659510705 3.200000006200432 0.0 0.0
468.0 89625101.748457 89625103.36897701 89625104.989497 0.0 0.0 105.79314659510705 3.200000006200432 0.0 0.0
469.0 89625104.989497 89625106.610017 89625108.23053701 0.0 0.0 105.79314659510705 3.200000006200432 0.0 0.0
470.0 89625108.230537 89625109.851057 89625111.471577 0.0 0.0 105.79314659510705 3.200000006200432 0.0 0.0
471.0 89625111.471577 89625113.09209701 89625114.71261701 0.0 0.0 105.79314659510705 3.200000006200432 0.0 0.0
472.0 89625114.71261701 89625116.333137 89625117.95365702 0.0 0.0 105.79314659510705 3.200000006200432 0.0 0.0
473.0 89625117.953657 89625119.574177 89625121.19469701 0.0 0.0 105.79314659510705 3.200000006200432 0.0 0.0
474.0 89625121.19469701 89625122.81521702 89625124.43573701 0.0 0.0 105.79314659510705 3.200000006200432 0.0 0.0
475.0 89625124.435737 89625126.05625701 89625127.676777 0.0 0.0 105.79314659510705 3.200000006200432 0.0 0.0
476.0 89625127.676777 89625129.297297 89625130.91781701 0.0 0.0 105.79314659510705 3.200000006200432 0.0 0.0
477.0 89625130.917817 89625132.53833699 89625134.158857 0.0 0.0 105.79314659510705 3.200000006200432 0.0 0.0
478.0 89625134.158857 89625135.77937701 89625137.39989701 0.0 0.0 105.79314659510705 3.200000006200432 0.0 0.0
479.0 89625137.39989701 89625139.020417 89625140.64093702 0.0 0.0 105.79314659510705 3.200000006200432 0.0 0.0
480.0 89625140.640937 89625142.261457 89625143.881977 0.0 0.0 105.79314659510705 3.200000006200432 0.0 0.0
481.0 89625143.881977 89625145.50249702 89625147.12301701 0.0 0.0 105.79314659510705 3.200000006200432 0.0 0.0
482.0 89625147.123017 89625148.74353701 89625150.364057 0.0 0.0 105.79314659510705 3.200000006200432 0.0 0.0
483.0 89625150.364057 89625151.984577 89625153.60509701 0.0 0.0 105.79314659510705 3.200000006200432 0.0 0.0
484.0 89625153.605097 89625155.22561699 89625156.846137 0.0 0.0 105.79314659510705 3.200000006200432 0.0 0.0
485.0 89625156.846137 89625158.46665701 89625160.08717701 0.0 0.0 105.79314659510705 3.200000006200432 0.0 0.0
486.0 89625160.08717701 89625161.707697 89625163.32821701 0.0 0.0 105.79314659510705 3.200000006200432 0.0 0.0
487.0 89625163.328217 89625164.948737 89625166.569257 0.0 0.0 105.79314659510705 3.200000006200432 0.0 0.0
488.0 89625166.569257 89625168.18977702 89625169.81029701 0.0 0.0 105.79314659510705 3.200000006200432 0.0 0.0
489.0 89625169.810297 89625171.43081701 89625173.051337 0.0 0.0 105.79314659510705 3.200000006200432 0.0 0.0
490.0 89625173.051337 89625174.671857 89625176.29237701 0.0 0.0 105.79314659510705 3.200000006200432 0.0 0.0
491.0 89625176.292377 89625177.91289699 89625179.533417 0.0 0.0 105.79314659510705 3.200000006200432 0.0 0.0
492.0 89625179.533417 89625181.15393701 89625182.77445701 0.0 0.0 105.79314659510705 3.200000006200432 0.0 0.0
493.0 89625182.77445701 89625184.394977 89625186.01549701 0.0 0.0 105.79314659510705 3.200000006200432 0.0 0.0
494.0 89625186.015497 89625187.636017 89625189.256537 0.0 0.0 105.79314659510705 3.200000006200432 0.0 0.0
495.0 89625189.256537 89625190.87705702 89625192.49757701 0.0 0.0 105.79314659510705 3.200000006200432 0.0 0.0
496.0 89625192.497577 89625194.118097 89625195.738617 0.0 0.0 105.79314659510705 3.200000006200432 0.0 0.0
497.0 89625195.738617 89625197.359137 89625198.97965701 0.0 0.0 105.79314659510705 3.200000006200432 0.0 0.0
498.0 89625198.97965701 89625200.60017702 89625202.22069702 0.0 0.0 105.79314659510705 3.200000006200432 0.0 0.0
499.0 89625202.220697 89625203.84121701 89625205.461737 0.0 0.0 105.79314659510705 3.200000006200432 0.0 0.0
500.0 89625205.461737 89625207.082257 89625208.70277701 0.0 0.0 105.79314659510705 3.200000006200432 0.0 0.0
501.0 89625208.702777 89625210.323297 89625211.943817 0.0 0.0 105.79314659510705 3.200000006200432 0.0 0.0
502.0 89625211.943817 89625213.56433702 89625215.18485701 0.0 0.0 105.79314659510705 3.200000006200432 0.0 0.0
503.0 89625215.184857 89625216.805377 89625218.425897 0.0 0.0 105.79314659510705 3.200000006200432 0.0 0.0
504.0 89625218.425897 89625220.046417 89625221.66693701 0.0 0.0 105.79314659510705 3.200000006200432 0.0 0.0
505.0 89625221.66693701 89625223.28745702 89625224.90797701 0.0 0.0 105.79314659510705 3.200000006200432 0.0 0.0
506.0 89625224.907977 89625226.52849701 89625228.149017 0.0 0.0 105.79314659510705 3.200000006200432 0.0 0.0
507.0 89625228.149017 89625229.769537 89625231.39005701 0.0 0.0 105.79314659510705 3.200000006200432 0.0 0.0
508.0 89625231.390057 89625233.010577 89625234.631097 0.0 0.0 105.79314659510705 3.200000006200432 0.0 0.0
509.0 89625234.631097 89625236.25161701 89625237.87213701 0.0 0.0 105.79314659510705 3.200000006200432 0.0 0.0
510.0 89625237.872137 89625239.492657 89625241.113177 0.0 0.0 105.79314659510705 3.200000006200432 0.0 0.0
511.0 89625241.113177 89625242.733697 89625244.35421701 0.0 0.0 105.79314659510705 3.200000006200432 0.0 0.0
512.0 89625244.35421701 89625245.97473702 89625247.59525701 0.0 0.0 105.79314659510705 3.200000006200432 0.0 0.0
513.0 89625247.595257 89625249.21577701 89625250.836297 1.0 1.0 105.79314659510705 3.200000006200432 0.3124999993944891 0.3124999993944891
514.0 89625250.836297 89625252.456817 89625254.07733701 0.0 0.0 105.79314659510705 3.200000006200432 0.0 0.0
515.0 89625254.077337 89625255.69785699 89625257.318377 0.0 0.0 105.79314659510705 3.200000006200432 0.0 0.0
516.0 89625257.318377 89625258.93889701 89625260.55941701 0.0 0.0 105.79314659510705 3.200000006200432 0.0 0.0
517.0 89625260.55941701 89625262.179937 89625263.80045702 0.0 0.0 105.79314659510705 3.200000006200432 0.0 0.0
518.0 89625263.800457 89625265.420977 89625267.041497 0.0 0.0 105.79314659510705 3.200000006200432 0.0 0.0
519.0 89625267.041497 89625268.66201702 89625270.28253701 0.0 0.0 105.79314659510705 3.200000006200432 0.0 0.0
520.0 89625270.282537 89625271.90305701 89625273.523577 0.0 0.0 105.79314659510705 3.200000006200432 0.0 0.0
521.0 89625273.523577 89625275.144097 89625276.76461701 0.0 0.0 105.79314659510705 3.200000006200432 0.0 0.0
522.0 89625276.764617 89625278.38513699 89625280.005657 0.0 0.0 105.79314659510705 3.200000006200432 0.0 0.0
523.0 89625280.005657 89625281.62617701 89625283.24669701 0.0 0.0 105.79314659510705 3.200000006200432 0.0 0.0
524.0 89625283.24669701 89625284.867217 89625286.48773701 0.0 0.0 105.79314659510705 3.200000006200432 0.0 0.0
525.0 89625286.487737 89625288.108257 89625289.728777 0.0 0.0 105.79314659510705 3.200000006200432 0.0 0.0
526.0 89625289.728777 89625291.34929702 89625292.96981701 0.0 0.0 105.79314659510705 3.200000006200432 0.0 0.0
527.0 89625292.969817 89625294.59033701 89625296.210857 0.0 0.0 105.79314659510705 3.200000006200432 0.0 0.0
528.0 89625296.210857 89625297.831377 89625299.45189701 0.0 0.0 105.79314659510705 3.200000006200432 0.0 0.0
529.0 89625299.451897 89625301.07241699 89625302.692937 0.0 0.0 105.79314659510705 3.200000006200432 0.0 0.0
530.0 89625302.692937 89625304.31345701 89625305.93397701 0.0 0.0 105.79314659510705 3.200000006200432 0.0 0.0
531.0 89625305.93397701 89625307.554497 89625309.17501701 0.0 0.0 105.79314659510705 3.200000006200432 0.0 0.0
532.0 89625309.175017 89625310.795537 89625312.416057 0.0 0.0 105.79314659510705 3.200000006200432 0.0 0.0
533.0 89625312.416057 89625314.03657702 89625315.65709701 0.0 0.0 105.79314659510705 3.200000006200432 0.0 0.0
534.0 89625315.657097 89625317.27761701 89625318.898137 0.0 0.0 105.79314659510705 3.200000006200432 0.0 0.0
535.0 89625318.898137 89625320.518657 89625322.13917701 0.0 0.0 105.79314659510705 3.200000006200432 0.0 0.0
536.0 89625322.13917701 89625323.75969702 89625325.38021702 0.0 0.0 105.79314659510705 3.200000006200432 0.0 0.0
537.0 89625325.380217 89625327.00073701 89625328.621257 0.0 0.0 105.79314659510705 3.200000006200432 0.0 0.0
538.0 89625328.621257 89625330.241777 89625331.86229701 0.0 0.0 105.79314659510705 3.200000006200432 0.0 0.0
539.0 89625331.862297 89625333.482817 89625335.103337 0.0 0.0 105.79314659510705 3.200000006200432 0.0 0.0
540.0 89625335.103337 89625336.72385702 89625338.34437701 0.0 0.0 105.79314659510705 3.200000006200432 0.0 0.0
541.0 89625338.344377 89625339.964897 89625341.585417 0.0 0.0 105.79314659510705 3.200000006200432 0.0 0.0
542.0 89625341.585417 89625343.205937 89625344.82645701 0.0 0.0 105.79314659510705 3.200000006200432 0.0 0.0
543.0 89625344.82645701 89625346.44697702 89625348.06749701 0.0 0.0 105.79314659510705 3.200000006200432 0.0 0.0
544.0 89625348.067497 89625349.68801701 89625351.308537 0.0 0.0 105.79314659510705 3.200000006200432 0.0 0.0
545.0 89625351.308537 89625352.929057 89625354.54957701 0.0 0.0 105.79314659510705 3.200000006200432 0.0 0.0
546.0 89625354.549577 89625356.170097 89625357.790617 0.0 0.0 105.79314659510705 3.200000006200432 0.0 0.0
547.0 89625357.790617 89625359.41113701 89625361.03165701 0.0 0.0 105.79314659510705 3.200000006200432 0.0 0.0
548.0 89625361.031657 89625362.652177 89625364.272697 0.0 0.0 105.79314659510705 3.200000006200432 0.0 0.0
549.0 89625364.272697 89625365.893217 89625367.51373701 0.0 0.0 105.79314659510705 3.200000006200432 0.0 0.0
550.0 89625367.51373701 89625369.13425702 89625370.75477701 0.0 0.0 105.79314659510705 3.200000006200432 0.0 0.0
551.0 89625370.754777 89625372.37529701 89625373.995817 0.0 0.0 105.79314659510705 3.200000006200432 0.0 0.0
552.0 89625373.995817 89625375.616337 89625377.23685701 0.0 0.0 105.79314659510705 3.200000006200432 0.0 0.0
553.0 89625377.236857 89625378.857377 89625380.477897 0.0 0.0 105.79314659510705 3.200000006200432 0.0 0.0
554.0 89625380.477897 89625382.09841701 89625383.71893701 0.0 0.0 105.79314659510705 3.200000006200432 0.0 0.0
555.0 89625383.71893701 89625385.339457 89625386.95997702 0.0 0.0 105.79314659510705 3.200000006200432 0.0 0.0
556.0 89625386.959977 89625388.580497 89625390.201017 0.0 0.0 105.79314659510705 3.200000006200432 0.0 0.0
557.0 89625390.201017 89625391.82153702 89625393.44205701 0.0 0.0 105.79314659510705 3.200000006200432 0.0 0.0
558.0 89625393.442057 89625395.06257701 89625396.683097 0.0 0.0 105.79314659510705 3.200000006200432 0.0 0.0
559.0 89625396.683097 89625398.303617 89625399.92413701 0.0 0.0 105.79314659510705 3.200000006200432 0.0 0.0
560.0 89625399.924137 89625401.54465699 89625403.165177 0.0 0.0 105.79314659510705 3.200000006200432 0.0 0.0
561.0 89625403.165177 89625404.78569701 89625406.40621701 0.0 0.0 105.79314659510705 3.200000006200432 0.0 0.0
562.0 89625406.40621701 89625408.026737 89625409.64725702 1.0 1.0 105.79314659510705 3.200000006200432 0.3124999993944891 0.3124999993944891
563.0 89625409.647257 89625411.267777 89625412.888297 0.0 0.0 105.79314659510705 3.200000006200432 0.0 0.0
564.0 89625412.888297 89625414.50881702 89625416.12933701 0.0 0.0 105.79314659510705 3.200000006200432 0.0 0.0
565.0 89625416.129337 89625417.74985701 89625419.370377 0.0 0.0 105.79314659510705 3.200000006200432 0.0 0.0
566.0 89625419.370377 89625420.990897 89625422.61141701 0.0 0.0 105.79314659510705 3.200000006200432 0.0 0.0
567.0 89625422.611417 89625424.23193699 89625425.852457 0.0 0.0 105.79314659510705 3.200000006200432 0.0 0.0
568.0 89625425.852457 89625427.47297701 89625429.09349701 0.0 0.0 105.79314659510705 3.200000006200432 0.0 0.0
569.0 89625429.09349701 89625430.714017 89625432.33453701 0.0 0.0 105.79314659510705 3.200000006200432 0.0 0.0
570.0 89625432.334537 89625433.955057 89625435.575577 0.0 0.0 105.79314659510705 3.200000006200432 0.0 0.0
571.0 89625435.575577 89625437.19609702 89625438.81661701 0.0 0.0 105.79314659510705 3.200000006200432 0.0 0.0
572.0 89625438.816617 89625440.43713701 89625442.057657 0.0 0.0 105.79314659510705 3.200000006200432 0.0 0.0
573.0 89625442.057657 89625443.678177 89625445.29869701 0.0 0.0 105.79314659510705 3.200000006200432 0.0 0.0
574.0 89625445.29869701 89625446.91921702 89625448.53973702 0.0 0.0 105.79314659510705 3.200000006200432 0.0 0.0
575.0 89625448.539737 89625450.16025701 89625451.780777 0.0 0.0 105.79314659510705 3.200000006200432 0.0 0.0
576.0 89625451.780777 89625453.401297 89625455.02181701 0.0 0.0 105.79314659510705 3.200000006200432 0.0 0.0
577.0 89625455.021817 89625456.642337 89625458.262857 0.0 0.0 105.79314659510705 3.200000006200432 0.0 0.0
578.0 89625458.262857 89625459.88337702 89625461.50389701 0.0 0.0 105.79314659510705 3.200000006200432 0.0 0.0
579.0 89625461.503897 89625463.124417 89625464.744937 0.0 0.0 105.79314659510705 3.200000006200432 0.0 0.0
580.0 89625464.744937 89625466.365457 89625467.98597701 0.0 0.0 105.79314659510705 3.200000006200432 0.0 0.0
581.0 89625467.98597701 89625469.60649702 89625471.22701702 0.0 0.0 105.79314659510705 3.200000006200432 0.0 0.0
582.0 89625471.227017 89625472.84753701 89625474.468057 0.0 0.0 105.79314659510705 3.200000006200432 0.0 0.0
583.0 89625474.468057 89625476.088577 89625477.70909701 0.0 0.0 105.79314659510705 3.200000006200432 0.0 0.0
584.0 89625477.709097 89625479.329617 89625480.950137 0.0 0.0 105.79314659510705 3.200000006200432 0.0 0.0
585.0 89625480.950137 89625482.57065701 89625484.19117701 0.0 0.0 105.79314659510705 3.200000006200432 0.0 0.0
586.0 89625484.191177 89625485.811697 89625487.432217 0.0 0.0 105.79314659510705 3.200000006200432 0.0 0.0
587.0 89625487.432217 89625489.052737 89625490.67325701 0.0 0.0 105.79314659510705 3.200000006200432 0.0 0.0
588.0 89625490.67325701 89625492.29377702 89625493.91429701 0.0 0.0 105.79314659510705 3.200000006200432 0.0 0.0
589.0 89625493.914297 89625495.53481701 89625497.155337 0.0 0.0 105.79314659510705 3.200000006200432 0.0 0.0
590.0 89625497.155337 89625498.775857 89625500.39637701 0.0 0.0 105.79314659510705 3.200000006200432 0.0 0.0
591.0 89625500.396377 89625502.016897 89625503.637417 0.0 0.0 105.79314659510705 3.200000006200432 0.0 0.0
592.0 89625503.637417 89625505.25793701 89625506.87845701 0.0 0.0 105.79314659510705 3.200000006200432 0.0 0.0
593.0 89625506.87845701 89625508.498977 89625510.11949702 0.0 0.0 105.79314659510705 3.200000006200432 0.0 0.0
594.0 89625510.119497 89625511.740017 89625513.36053701 0.0 0.0 105.79314659510705 3.200000006200432 0.0 0.0
595.0 89625513.36053701 89625514.98105702 89625516.60157701 0.0 0.0 105.79314659510705 3.200000006200432 0.0 0.0
596.0 89625516.601577 89625518.22209701 89625519.842617 0.0 0.0 105.79314659510705 3.200000006200432 0.0 0.0
597.0 89625519.842617 89625521.463137 89625523.08365701 0.0 0.0 105.79314659510705 3.200000006200432 0.0 0.0
598.0 89625523.083657 89625524.70417699 89625526.324697 0.0 0.0 105.79314659510705 3.200000006200432 0.0 0.0
599.0 89625526.324697 89625527.94521701 89625529.56573701 0.0 0.0 105.79314659510705 3.200000006200432 0.0 0.0
600.0 89625529.56573701 89625531.186257 89625532.80677702 0.0 0.0 105.79314659510705 3.200000006200432 0.0 0.0
601.0 89625532.806777 89625534.427297 89625536.047817 0.0 0.0 105.79314659510705 3.200000006200432 0.0 0.0
602.0 89625536.047817 89625537.66833702 89625539.28885701 0.0 0.0 105.79314659510705 3.200000006200432 0.0 0.0
603.0 89625539.288857 89625540.90937701 89625542.529897 0.0 0.0 105.79314659510705 3.200000006200432 0.0 0.0
604.0 89625542.529897 89625544.150417 89625545.77093701 0.0 0.0 105.79314659510705 3.200000006200432 0.0 0.0
605.0 89625545.770937 89625547.39145699 89625549.011977 0.0 0.0 105.79314659510705 3.200000006200432 0.0 0.0
606.0 89625549.011977 89625550.63249701 89625552.25301701 0.0 0.0 105.79314659510705 3.200000006200432 0.0 0.0
607.0 89625552.25301701 89625553.873537 89625555.49405701 0.0 0.0 105.79314659510705 3.200000006200432 0.0 0.0
608.0 89625555.494057 89625557.114577 89625558.735097 0.0 0.0 105.79314659510705 3.200000006200432 0.0 0.0
609.0 89625558.735097 89625560.35561702 89625561.97613701 0.0 0.0 105.79314659510705 3.200000006200432 0.0 0.0
610.0 89625561.976137 89625563.59665701 89625565.217177 0.0 0.0 105.79314659510705 3.200000006200432 0.0 0.0
611.0 89625565.217177 89625566.837697 89625568.45821701 0.0 0.0 105.79314659510705 3.200000006200432 0.0 0.0
612.0 89625568.45821701 89625570.07873702 89625571.69925702 0.0 0.0 105.79314659510705 3.200000006200432 0.0 0.0
613.0 89625571.699257 89625573.31977701 89625574.94029701 0.0 0.0 105.79314659510705 3.200000006200432 0.0 0.0
614.0 89625574.94029701 89625576.560817 89625578.18133701 0.0 0.0 105.79314659510705 3.200000006200432 0.0 0.0
615.0 89625578.181337 89625579.801857 89625581.422377 0.0 0.0 105.79314659510705 3.200000006200432 0.0 0.0
616.0 89625581.422377 89625583.04289702 89625584.66341701 0.0 0.0 105.79314659510705 3.200000006200432 0.0 0.0
617.0 89625584.663417 89625586.283937 89625587.904457 0.0 0.0 105.79314659510705 3.200000006200432 0.0 0.0
618.0 89625587.904457 89625589.524977 89625591.14549701 0.0 0.0 105.79314659510705 3.200000006200432 0.0 0.0
619.0 89625591.14549701 89625592.76601702 89625594.38653702 0.0 0.0 105.79314659510705 3.200000006200432 0.0 0.0
620.0 89625594.386537 89625596.00705701 89625597.627577 0.0 0.0 105.79314659510705 3.200000006200432 0.0 0.0
621.0 89625597.627577 89625599.248097 89625600.86861701 0.0 0.0 105.79314659510705 3.200000006200432 0.0 0.0
622.0 89625600.868617 89625602.489137 89625604.109657 0.0 0.0 105.79314659510705 3.200000006200432 0.0 0.0
623.0 89625604.109657 89625605.73017702 89625607.35069701 0.0 0.0 105.79314659510705 3.200000006200432 0.0 0.0
624.0 89625607.350697 89625608.971217 89625610.591737 0.0 0.0 105.79314659510705 3.200000006200432 0.0 0.0
625.0 89625610.591737 89625612.212257 89625613.83277701 0.0 0.0 105.79314659510705 3.200000006200432 0.0 0.0
626.0 89625613.83277701 89625615.45329702 89625617.07381701 0.0 0.0 105.79314659510705 3.200000006200432 0.0 0.0
627.0 89625617.073817 89625618.69433701 89625620.314857 0.0 0.0 105.79314659510705 3.200000006200432 0.0 0.0
628.0 89625620.314857 89625621.935377 89625623.55589701 0.0 0.0 105.79314659510705 3.200000006200432 0.0 0.0
629.0 89625623.555897 89625625.176417 89625626.796937 0.0 0.0 105.79314659510705 3.200000006200432 0.0 0.0
630.0 89625626.796937 89625628.41745701 89625630.03797701 0.0 0.0 105.79314659510705 3.200000006200432 0.0 0.0
631.0 89625630.037977 89625631.658497 89625633.279017 1.0 1.0 105.79314659510705 3.200000006200432 0.3124999993944891 0.3124999993944891
632.0 89625633.279017 89625634.899537 89625636.52005701 0.0 0.0 105.79314659510705 3.200000006200432 0.0 0.0
633.0 89625636.52005701 89625638.14057702 89625639.76109701 0.0 0.0 105.79314659510705 3.200000006200432 0.0 0.0
634.0 89625639.761097 89625641.38161701 89625643.002137 0.0 0.0 105.79314659510705 3.200000006200432 0.0 0.0
635.0 89625643.002137 89625644.622657 89625646.24317701 0.0 0.0 105.79314659510705 3.200000006200432 0.0 0.0
636.0 89625646.243177 89625647.86369699 89625649.484217 0.0 0.0 105.79314659510705 3.200000006200432 0.0 0.0
637.0 89625649.484217 89625651.10473701 89625652.72525701 0.0 0.0 105.79314659510705 3.200000006200432 0.0 0.0
638.0 89625652.72525701 89625654.345777 89625655.96629702 0.0 0.0 105.79314659510705 3.200000006200432 0.0 0.0
639.0 89625655.966297 89625657.586817 89625659.207337 0.0 0.0 105.79314659510705 3.200000006200432 0.0 0.0
640.0 89625659.207337 89625660.82785702 89625662.44837701 0.0 0.0 105.79314659510705 3.200000006200432 0.0 0.0
641.0 89625662.448377 89625664.06889701 89625665.689417 0.0 0.0 105.79314659510705 3.200000006200432 0.0 0.0
642.0 89625665.689417 89625667.309937 89625668.93045701 0.0 0.0 105.79314659510705 3.200000006200432 0.0 0.0
643.0 89625668.930457 89625670.55097699 89625672.171497 0.0 0.0 105.79314659510705 3.200000006200432 0.0 0.0
644.0 89625672.171497 89625673.79201701 89625675.41253701 0.0 0.0 105.79314659510705 3.200000006200432 0.0 0.0
645.0 89625675.41253701 89625677.033057 89625678.65357701 0.0 0.0 105.79314659510705 3.200000006200432 0.0 0.0
646.0 89625678.653577 89625680.274097 89625681.894617 0.0 0.0 105.79314659510705 3.200000006200432 0.0 0.0
647.0 89625681.894617 89625683.51513702 89625685.13565701 0.0 0.0 105.79314659510705 3.200000006200432 0.0 0.0
648.0 89625685.135657 89625686.75617701 89625688.376697 0.0 0.0 105.79314659510705 3.200000006200432 0.0 0.0
649.0 89625688.376697 89625689.997217 89625691.61773701 0.0 0.0 105.79314659510705 3.200000006200432 0.0 0.0
650.0 89625691.617737 89625693.23825699 89625694.858777 0.0 0.0 105.79314659510705 3.200000006200432 0.0 0.0
651.0 89625694.858777 89625696.47929701 89625698.09981701 0.0 0.0 105.79314659510705 3.200000006200432 0.0 0.0
652.0 89625698.09981701 89625699.720337 89625701.34085701 0.0 0.0 105.79314659510705 3.200000006200432 0.0 0.0
653.0 89625701.340857 89625702.961377 89625704.581897 0.0 0.0 105.79314659510705 3.200000006200432 0.0 0.0
654.0 89625704.581897 89625706.20241702 89625707.82293701 0.0 0.0 105.79314659510705 3.200000006200432 0.0 0.0
655.0 89625707.822937 89625709.443457 89625711.063977 0.0 0.0 105.79314659510705 3.200000006200432 0.0 0.0
656.0 89625711.063977 89625712.684497 89625714.30501701 0.0 0.0 105.79314659510705 3.200000006200432 0.0 0.0
657.0 89625714.30501701 89625715.92553702 89625717.54605702 0.0 0.0 105.79314659510705 3.200000006200432 0.0 0.0
658.0 89625717.546057 89625719.16657701 89625720.787097 0.0 0.0 105.79314659510705 3.200000006200432 0.0 0.0
659.0 89625720.787097 89625722.407617 89625724.02813701 0.0 0.0 105.79314659510705 3.200000006200432 0.0 0.0
660.0 89625724.028137 89625725.648657 89625727.269177 0.0 0.0 105.79314659510705 3.200000006200432 0.0 0.0
661.0 89625727.269177 89625728.88969702 89625730.51021701 0.0 0.0 105.79314659510705 3.200000006200432 0.0 0.0
662.0 89625730.510217 89625732.130737 89625733.751257 0.0 0.0 105.79314659510705 3.200000006200432 0.0 0.0
663.0 89625733.751257 89625735.371777 89625736.99229701 0.0 0.0 105.79314659510705 3.200000006200432 0.0 0.0
664.0 89625736.99229701 89625738.61281702 89625740.23333701 0.0 0.0 105.79314659510705 3.200000006200432 0.0 0.0
665.0 89625740.233337 89625741.85385701 89625743.474377 0.0 0.0 105.79314659510705 3.200000006200432 0.0 0.0
666.0 89625743.474377 89625745.094897 89625746.71541701 0.0 0.0 105.79314659510705 3.200000006200432 0.0 0.0
667.0 89625746.715417 89625748.335937 89625749.956457 0.0 0.0 105.79314659510705 3.200000006200432 0.0 0.0
668.0 89625749.956457 89625751.57697701 89625753.19749701 0.0 0.0 105.79314659510705 3.200000006200432 0.0 0.0
669.0 89625753.197497 89625754.818017 89625756.438537 0.0 0.0 105.79314659510705 3.200000006200432 0.0 0.0
670.0 89625756.438537 89625758.059057 89625759.67957701 0.0 0.0 105.79314659510705 3.200000006200432 0.0 0.0
671.0 89625759.67957701 89625761.30009702 89625762.92061701 0.0 0.0 105.79314659510705 3.200000006200432 0.0 0.0
672.0 89625762.920617 89625764.54113701 89625766.161657 0.0 0.0 105.79314659510705 3.200000006200432 0.0 0.0
673.0 89625766.161657 89625767.782177 89625769.40269701 0.0 0.0 105.79314659510705 3.200000006200432 0.0 0.0
674.0 89625769.402697 89625771.023217 89625772.643737 0.0 0.0 105.79314659510705 3.200000006200432 0.0 0.0
675.0 89625772.643737 89625774.26425701 89625775.88477701 0.0 0.0 105.79314659510705 3.200000006200432 0.0 0.0
676.0 89625775.88477701 89625777.505297 89625779.12581702 0.0 0.0 105.79314659510705 3.200000006200432 0.0 0.0
677.0 89625779.125817 89625780.746337 89625782.366857 0.0 0.0 105.79314659510705 3.200000006200432 0.0 0.0
678.0 89625782.366857 89625783.98737702 89625785.60789701 0.0 0.0 105.79314659510705 3.200000006200432 0.0 0.0
679.0 89625785.607897 89625787.22841701 89625788.848937 0.0 0.0 105.79314659510705 3.200000006200432 0.0 0.0
680.0 89625788.848937 89625790.469457 89625792.08997701 0.0 0.0 105.79314659510705 3.200000006200432 0.0 0.0
681.0 89625792.089977 89625793.71049699 89625795.331017 0.0 0.0 105.79314659510705 3.200000006200432 0.0 0.0
682.0 89625795.331017 89625796.95153701 89625798.57205701 0.0 0.0 105.79314659510705 3.200000006200432 0.0 0.0
683.0 89625798.57205701 89625800.192577 89625801.81309702 0.0 0.0 105.79314659510705 3.200000006200432 0.0 0.0
684.0 89625801.813097 89625803.433617 89625805.054137 0.0 0.0 105.79314659510705 3.200000006200432 0.0 0.0
685.0 89625805.054137 89625806.67465702 89625808.29517701 0.0 0.0 105.79314659510705 3.200000006200432 0.0 0.0
686.0 89625808.295177 89625809.91569701 89625811.536217 0.0 0.0 105.79314659510705 3.200000006200432 0.0 0.0
687.0 89625811.536217 89625813.156737 89625814.77725701 0.0 0.0 105.79314659510705 3.200000006200432 0.0 0.0
688.0 89625814.777257 89625816.39777699 89625818.018297 1.0 1.0 105.79314659510705 3.200000006200432 0.3124999993944891 0.3124999993944891
689.0 89625818.018297 89625819.63881701 89625821.25933701 0.0 0.0 105.79314659510705 3.200000006200432 0.0 0.0
690.0 89625821.25933701 89625822.879857 89625824.50037701 0.0 0.0 105.79314659510705 3.200000006200432 0.0 0.0
691.0 89625824.500377 89625826.120897 89625827.741417 0.0 0.0 105.79314659510705 3.200000006200432 0.0 0.0
692.0 89625827.741417 89625829.36193702 89625830.98245701 0.0 0.0 105.79314659510705 3.200000006200432 0.0 0.0
693.0 89625830.982457 89625832.60297701 89625834.223497 0.0 0.0 105.79314659510705 3.200000006200432 0.0 0.0
694.0 89625834.223497 89625835.844017 89625837.46453701 0.0 0.0 105.79314659510705 3.200000006200432 0.0 0.0
695.0 89625837.46453701 89625839.08505702 89625840.70557702 0.0 0.0 105.79314659510705 3.200000006200432 0.0 0.0
696.0 89625840.705577 89625842.32609701 89625843.946617 0.0 0.0 105.79314659510705 3.200000006200432 0.0 0.0
697.0 89625843.946617 89625845.567137 89625847.18765701 0.0 0.0 105.79314659510705 3.200000006200432 0.0 0.0
698.0 89625847.187657 89625848.808177 89625850.428697 0.0 0.0 105.79314659510705 3.200000006200432 0.0 0.0
699.0 89625850.428697 89625852.04921702 89625853.66973701 0.0 0.0 105.79314659510705 3.200000006200432 0.0 0.0
700.0 89625853.669737 89625855.290257 89625856.910777 0.0 0.0 105.79314659510705 3.200000006200432 0.0 0.0
701.0 89625856.910777 89625858.531297 89625860.15181701 0.0 0.0 105.79314659510705 3.200000006200432 0.0 0.0
702.0 89625860.15181701 89625861.77233702 89625863.39285702 0.0 0.0 105.79314659510705 3.200000006200432 0.0 0.0
703.0 89625863.392857 89625865.01337701 89625866.633897 0.0 0.0 105.79314659510705 3.200000006200432 0.0 0.0
704.0 89625866.633897 89625868.254417 89625869.87493701 0.0 0.0 105.79314659510705 3.200000006200432 0.0 0.0
705.0 89625869.874937 89625871.495457 89625873.115977 0.0 0.0 105.79314659510705 3.200000006200432 0.0 0.0
706.0 89625873.115977 89625874.73649701 89625876.35701701 0.0 0.0 105.79314659510705 3.200000006200432 0.0 0.0
707.0 89625876.357017 89625877.977537 89625879.598057 0.0 0.0 105.79314659510705 3.200000006200432 0.0 0.0
708.0 89625879.598057 89625881.218577 89625882.83909701 0.0 0.0 105.79314659510705 3.200000006200432 0.0 0.0
709.0 89625882.83909701 89625884.45961702 89625886.08013701 0.0 0.0 105.79314659510705 3.200000006200432 0.0 0.0
710.0 89625886.080137 89625887.70065701 89625889.321177 0.0 0.0 105.79314659510705 3.200000006200432 0.0 0.0
711.0 89625889.321177 89625890.941697 89625892.56221701 0.0 0.0 105.79314659510705 3.200000006200432 0.0 0.0
712.0 89625892.562217 89625894.182737 89625895.803257 0.0 0.0 105.79314659510705 3.200000006200432 0.0 0.0
713.0 89625895.803257 89625897.42377701 89625899.04429701 0.0 0.0 105.79314659510705 3.200000006200432 0.0 0.0
714.0 89625899.04429701 89625900.664817 89625902.28533702 0.0 0.0 105.79314659510705 3.200000006200432 0.0 0.0
715.0 89625902.285337 89625903.905857 89625905.526377 0.0 0.0 105.79314659510705 3.200000006200432 0.0 0.0
716.0 89625905.526377 89625907.14689702 89625908.76741701 0.0 0.0 105.79314659510705 3.200000006200432 0.0 0.0
717.0 89625908.767417 89625910.38793701 89625912.008457 0.0 0.0 105.79314659510705 3.200000006200432 0.0 0.0
718.0 89625912.008457 89625913.628977 89625915.24949701 0.0 0.0 105.79314659510705 3.200000006200432 0.0 0.0
719.0 89625915.249497 89625916.87001699 89625918.490537 0.0 0.0 105.79314659510705 3.200000006200432 0.0 0.0
720.0 89625918.490537 89625920.11105701 89625921.73157701 0.0 0.0 105.79314659510705 3.200000006200432 0.0 0.0
721.0 89625921.73157701 89625923.352097 89625924.97261702 0.0 0.0 105.79314659510705 3.200000006200432 0.0 0.0
722.0 89625924.972617 89625926.593137 89625928.213657 0.0 0.0 105.79314659510705 3.200000006200432 0.0 0.0
723.0 89625928.213657 89625929.83417702 89625931.45469701 0.0 0.0 105.79314659510705 3.200000006200432 0.0 0.0
724.0 89625931.454697 89625933.07521701 89625934.695737 0.0 0.0 105.79314659510705 3.200000006200432 0.0 0.0
725.0 89625934.695737 89625936.316257 89625937.93677701 0.0 0.0 105.79314659510705 3.200000006200432 0.0 0.0
726.0 89625937.936777 89625939.55729699 89625941.177817 0.0 0.0 105.79314659510705 3.200000006200432 0.0 0.0
727.0 89625941.177817 89625942.79833701 89625944.41885701 0.0 0.0 105.79314659510705 3.200000006200432 0.0 0.0
728.0 89625944.41885701 89625946.039377 89625947.65989701 0.0 0.0 105.79314659510705 3.200000006200432 0.0 0.0
729.0 89625947.659897 89625949.280417 89625950.900937 0.0 0.0 105.79314659510705 3.200000006200432 0.0 0.0
730.0 89625950.900937 89625952.52145702 89625954.14197701 0.0 0.0 105.79314659510705 3.200000006200432 0.0 0.0
731.0 89625954.141977 89625955.76249701 89625957.383017 0.0 0.0 105.79314659510705 3.200000006200432 0.0 0.0
732.0 89625957.383017 89625959.003537 89625960.62405701 0.0 0.0 105.79314659510705 3.200000006200432 0.0 0.0
733.0 89625960.62405701 89625962.24457702 89625963.86509702 0.0 0.0 105.79314659510705 3.200000006200432 0.0 0.0
734.0 89625963.865097 89625965.48561701 89625967.10613701 0.0 0.0 105.79314659510705 3.200000006200432 0.0 0.0
735.0 89625967.10613701 89625968.726657 89625970.34717701 0.0 0.0 105.79314659510705 3.200000006200432 0.0 0.0
736.0 89625970.347177 89625971.967697 89625973.588217 0.0 0.0 105.79314659510705 3.200000006200432 0.0 0.0
737.0 89625973.588217 89625975.20873702 89625976.82925701 1.0 1.0 105.79314659510705 3.200000006200432 0.3124999993944891 0.3124999993944891
738.0 89625976.829257 89625978.449777 89625980.070297 0.0 0.0 105.79314659510705 3.200000006200432 0.0 0.0
739.0 89625980.070297 89625981.690817 89625983.31133701 0.0 0.0 105.79314659510705 3.200000006200432 0.0 0.0
740.0 89625983.31133701 89625984.93185702 89625986.55237702 0.0 0.0 105.79314659510705 3.200000006200432 0.0 0.0
741.0 89625986.552377 89625988.17289701 89625989.793417 0.0 0.0 105.79314659510705 3.200000006200432 0.0 0.0
742.0 89625989.793417 89625991.413937 89625993.03445701 0.0 0.0 105.79314659510705 3.200000006200432 0.0 0.0
743.0 89625993.034457 89625994.654977 89625996.275497 0.0 0.0 105.79314659510705 3.200000006200432 0.0 0.0
744.0 89625996.275497 89625997.89601701 89625999.51653701 0.0 0.0 105.79314659510705 3.200000006200432 0.0 0.0
745.0 89625999.516537 89626001.137057 89626002.757577 0.0 0.0 105.79314659510705 3.200000006200432 0.0 0.0
746.0 89626002.757577 89626004.378097 89626005.99861701 0.0 0.0 105.79314659510705 3.200000006200432 0.0 0.0
747.0 89626005.99861701 89626007.61913702 89626009.23965701 0.0 0.0 105.79314659510705 3.200000006200432 0.0 0.0
748.0 89626009.239657 89626010.86017701 89626012.480697 0.0 0.0 105.79314659510705 3.200000006200432 0.0 0.0
749.0 89626012.480697 89626014.101217 89626015.72173701 0.0 0.0 105.79314659510705 3.200000006200432 0.0 0.0
750.0 89626015.721737 89626017.342257 89626018.962777 0.0 0.0 105.79314659510705 3.200000006200432 0.0 0.0
751.0 89626018.962777 89626020.58329701 89626022.20381701 0.0 0.0 105.79314659510705 3.200000006200432 0.0 0.0
752.0 89626022.203817 89626023.824337 89626025.444857 0.0 0.0 105.79314659510705 3.200000006200432 0.0 0.0
753.0 89626025.444857 89626027.065377 89626028.68589701 0.0 0.0 105.79314659510705 3.200000006200432 0.0 0.0
754.0 89626028.68589701 89626030.30641702 89626031.92693701 0.0 0.0 105.79314659510705 3.200000006200432 0.0 0.0
755.0 89626031.926937 89626033.54745701 89626035.167977 0.0 0.0 105.79314659510705 3.200000006200432 0.0 0.0
756.0 89626035.167977 89626036.788497 89626038.40901701 0.0 0.0 105.79314659510705 3.200000006200432 0.0 0.0
757.0 89626038.409017 89626040.02953699 89626041.650057 0.0 0.0 105.79314659510705 3.200000006200432 0.0 0.0
758.0 89626041.650057 89626043.27057701 89626044.89109701 0.0 0.0 105.79314659510705 3.200000006200432 0.0 0.0
759.0 89626044.89109701 89626046.511617 89626048.13213702 0.0 0.0 105.79314659510705 3.200000006200432 0.0 0.0
760.0 89626048.132137 89626049.752657 89626051.373177 0.0 0.0 105.79314659510705 3.200000006200432 0.0 0.0
761.0 89626051.373177 89626052.99369702 89626054.61421701 0.0 0.0 105.79314659510705 3.200000006200432 0.0 0.0
762.0 89626054.614217 89626056.23473701 89626057.855257 0.0 0.0 105.79314659510705 3.200000006200432 0.0 0.0
763.0 89626057.855257 89626059.475777 89626061.09629701 0.0 0.0 105.79314659510705 3.200000006200432 0.0 0.0
764.0 89626061.096297 89626062.71681699 89626064.337337 0.0 0.0 105.79314659510705 3.200000006200432 0.0 0.0
765.0 89626064.337337 89626065.95785701 89626067.57837701 0.0 0.0 105.79314659510705 3.200000006200432 0.0 0.0
766.0 89626067.57837701 89626069.198897 89626070.81941701 0.0 0.0 105.79314659510705 3.200000006200432 0.0 0.0
767.0 89626070.819417 89626072.439937 89626074.060457 0.0 0.0 105.79314659510705 3.200000006200432 0.0 0.0
768.0 89626074.060457 89626075.68097702 89626077.30149701 0.0 0.0 105.79314659510705 3.200000006200432 0.0 0.0
769.0 89626077.301497 89626078.92201701 89626080.542537 0.0 0.0 105.79314659510705 3.200000006200432 0.0 0.0
770.0 89626080.542537 89626082.163057 89626083.78357701 0.0 0.0 105.79314659510705 3.200000006200432 0.0 0.0
771.0 89626083.783577 89626085.40409699 89626087.024617 0.0 0.0 105.79314659510705 3.200000006200432 0.0 0.0
772.0 89626087.024617 89626088.64513701 89626090.26565701 0.0 0.0 105.79314659510705 3.200000006200432 0.0 0.0
773.0 89626090.26565701 89626091.886177 89626093.50669701 0.0 0.0 105.79314659510705 3.200000006200432 0.0 0.0
774.0 89626093.506697 89626095.127217 89626096.747737 0.0 0.0 105.79314659510705 3.200000006200432 0.0 0.0
775.0 89626096.747737 89626098.36825702 89626099.98877701 0.0 0.0 105.79314659510705 3.200000006200432 0.0 0.0
776.0 89626099.988777 89626101.609297 89626103.229817 0.0 0.0 105.79314659510705 3.200000006200432 0.0 0.0
777.0 89626103.229817 89626104.850337 89626106.47085701 0.0 0.0 105.79314659510705 3.200000006200432 0.0 0.0
778.0 89626106.47085701 89626108.09137702 89626109.71189702 0.0 0.0 105.79314659510705 3.200000006200432 0.0 0.0
779.0 89626109.711897 89626111.33241701 89626112.952937 0.0 0.0 105.79314659510705 3.200000006200432 0.0 0.0
780.0 89626112.952937 89626114.573457 89626116.19397701 0.0 0.0 105.79314659510705 3.200000006200432 0.0 0.0
781.0 89626116.193977 89626117.814497 89626119.435017 0.0 0.0 105.79314659510705 3.200000006200432 0.0 0.0
782.0 89626119.435017 89626121.05553702 89626122.67605701 0.0 0.0 105.79314659510705 3.200000006200432 0.0 0.0
783.0 89626122.676057 89626124.296577 89626125.917097 0.0 0.0 105.79314659510705 3.200000006200432 0.0 0.0
784.0 89626125.917097 89626127.537617 89626129.15813701 0.0 0.0 105.79314659510705 3.200000006200432 0.0 0.0
785.0 89626129.15813701 89626130.77865702 89626132.39917701 0.0 0.0 105.79314659510705 3.200000006200432 0.0 0.0
786.0 89626132.399177 89626134.01969701 89626135.640217 0.0 0.0 105.79314659510705 3.200000006200432 0.0 0.0
787.0 89626135.640217 89626137.260737 89626138.88125701 0.0 0.0 105.79314659510705 3.200000006200432 0.0 0.0
788.0 89626138.881257 89626140.501777 89626142.122297 0.0 0.0 105.79314659510705 3.200000006200432 0.0 0.0
789.0 89626142.122297 89626143.74281701 89626145.36333701 0.0 0.0 105.79314659510705 3.200000006200432 0.0 0.0
790.0 89626145.363337 89626146.983857 89626148.604377 0.0 0.0 105.79314659510705 3.200000006200432 0.0 0.0
791.0 89626148.604377 89626150.224897 89626151.84541701 0.0 0.0 105.79314659510705 3.200000006200432 0.0 0.0
792.0 89626151.84541701 89626153.46593702 89626155.08645701 0.0 0.0 105.79314659510705 3.200000006200432 0.0 0.0
793.0 89626155.086457 89626156.70697701 89626158.327497 0.0 0.0 105.79314659510705 3.200000006200432 0.0 0.0
794.0 89626158.327497 89626159.948017 89626161.56853701 0.0 0.0 105.79314659510705 3.200000006200432 0.0 0.0
795.0 89626161.568537 89626163.18905699 89626164.809577 0.0 0.0 105.79314659510705 3.200000006200432 0.0 0.0
796.0 89626164.809577 89626166.43009701 89626168.05061701 0.0 0.0 105.79314659510705 3.200000006200432 0.0 0.0
797.0 89626168.05061701 89626169.671137 89626171.29165702 0.0 0.0 105.79314659510705 3.200000006200432 0.0 0.0
798.0 89626171.291657 89626172.912177 89626174.532697 0.0 0.0 105.79314659510705 3.200000006200432 0.0 0.0
799.0 89626174.532697 89626176.15321702 89626177.77373701 0.0 0.0 105.79314659510705 3.200000006200432 0.0 0.0
800.0 89626177.773737 89626179.39425701 89626181.014777 0.0 0.0 105.79314659510705 3.200000006200432 0.0 0.0
801.0 89626181.014777 89626182.635297 89626184.25581701 0.0 0.0 105.79314659510705 3.200000006200432 0.0 0.0
802.0 89626184.255817 89626185.87633699 89626187.496857 0.0 0.0 105.79314659510705 3.200000006200432 0.0 0.0
803.0 89626187.496857 89626189.11737701 89626190.73789701 0.0 0.0 105.79314659510705 3.200000006200432 0.0 0.0
804.0 89626190.73789701 89626192.358417 89626193.97893701 0.0 0.0 105.79314659510705 3.200000006200432 0.0 0.0
805.0 89626193.978937 89626195.599457 89626197.219977 0.0 0.0 105.79314659510705 3.200000006200432 0.0 0.0
806.0 89626197.219977 89626198.84049702 89626200.46101701 0.0 0.0 105.79314659510705 3.200000006200432 0.0 0.0
807.0 89626200.461017 89626202.08153701 89626203.702057 0.0 0.0 105.79314659510705 3.200000006200432 0.0 0.0
808.0 89626203.702057 89626205.322577 89626206.94309701 0.0 0.0 105.79314659510705 3.200000006200432 0.0 0.0
809.0 89626206.943097 89626208.56361699 89626210.184137 0.0 0.0 105.79314659510705 3.200000006200432 0.0 0.0
810.0 89626210.184137 89626211.80465701 89626213.42517701 0.0 0.0 105.79314659510705 3.200000006200432 0.0 0.0
811.0 89626213.42517701 89626215.045697 89626216.66621701 0.0 0.0 105.79314659510705 3.200000006200432 0.0 0.0
812.0 89626216.666217 89626218.286737 89626219.907257 0.0 0.0 105.79314659510705 3.200000006200432 0.0 0.0
813.0 89626219.907257 89626221.52777702 89626223.14829701 0.0 0.0 105.79314659510705 3.200000006200432 0.0 0.0
814.0 89626223.148297 89626224.76881701 89626226.389337 0.0 0.0 105.79314659510705 3.200000006200432 0.0 0.0
815.0 89626226.389337 89626228.009857 89626229.63037701 0.0 0.0 105.79314659510705 3.200000006200432 0.0 0.0
816.0 89626229.63037701 89626231.25089702 89626232.87141702 0.0 0.0 105.79314659510705 3.200000006200432 0.0 0.0
817.0 89626232.871417 89626234.49193701 89626236.112457 0.0 0.0 105.79314659510705 3.200000006200432 0.0 0.0
818.0 89626236.112457 89626237.732977 89626239.35349701 0.0 0.0 105.79314659510705 3.200000006200432 0.0 0.0
819.0 89626239.353497 89626240.974017 89626242.594537 0.0 0.0 105.79314659510705 3.200000006200432 0.0 0.0
820.0 89626242.594537 89626244.21505702 89626245.83557701 0.0 0.0 105.79314659510705 3.200000006200432 0.0 0.0
821.0 89626245.835577 89626247.456097 89626249.076617 0.0 0.0 105.79314659510705 3.200000006200432 0.0 0.0
822.0 89626249.076617 89626250.697137 89626252.31765701 0.0 0.0 105.79314659510705 3.200000006200432 0.0 0.0
823.0 89626252.31765701 89626253.93817702 89626255.55869702 0.0 0.0 105.79314659510705 3.200000006200432 0.0 0.0
824.0 89626255.558697 89626257.17921701 89626258.799737 0.0 0.0 105.79314659510705 3.200000006200432 0.0 0.0
825.0 89626258.799737 89626260.420257 89626262.04077701 0.0 0.0 105.79314659510705 3.200000006200432 0.0 0.0
826.0 89626262.040777 89626263.661297 89626265.281817 1.0 1.0 105.79314659510705 3.200000006200432 0.3124999993944891 0.3124999993944891
827.0 89626265.281817 89626266.90233701 89626268.52285701 0.0 0.0 105.79314659510705 3.200000006200432 0.0 0.0
828.0 89626268.522857 89626270.143377 89626271.763897 0.0 0.0 105.79314659510705 3.200000006200432 0.0 0.0
829.0 89626271.763897 89626273.384417 89626275.00493701 0.0 0.0 105.79314659510705 3.200000006200432 0.0 0.0
830.0 89626275.00493701 89626276.62545702 89626278.24597701 0.0 0.0 105.79314659510705 3.200000006200432 0.0 0.0
831.0 89626278.245977 89626279.86649701 89626281.487017 0.0 0.0 105.79314659510705 3.200000006200432 0.0 0.0
832.0 89626281.487017 89626283.107537 89626284.72805701 0.0 0.0 105.79314659510705 3.200000006200432 0.0 0.0
833.0 89626284.728057 89626286.348577 89626287.969097 0.0 0.0 105.79314659510705 3.200000006200432 0.0 0.0
834.0 89626287.969097 89626289.58961701 89626291.21013701 0.0 0.0 105.79314659510705 3.200000006200432 0.0 0.0
835.0 89626291.21013701 89626292.830657 89626294.45117702 0.0 0.0 105.79314659510705 3.200000006200432 0.0 0.0
836.0 89626294.451177 89626296.071697 89626297.692217 0.0 0.0 105.79314659510705 3.200000006200432 0.0 0.0
837.0 89626297.692217 89626299.31273702 89626300.93325701 0.0 0.0 105.79314659510705 3.200000006200432 0.0 0.0
838.0 89626300.933257 89626302.55377701 89626304.174297 0.0 0.0 105.79314659510705 3.200000006200432 0.0 0.0
839.0 89626304.174297 89626305.794817 89626307.41533701 0.0 0.0 105.79314659510705 3.200000006200432 0.0 0.0
840.0 89626307.415337 89626309.03585699 89626310.656377 0.0 0.0 105.79314659510705 3.200000006200432 0.0 0.0
841.0 89626310.656377 89626312.27689701 89626313.89741701 0.0 0.0 105.79314659510705 3.200000006200432 0.0 0.0
842.0 89626313.89741701 89626315.517937 89626317.13845702 0.0 0.0 105.79314659510705 3.200000006200432 0.0 0.0
843.0 89626317.138457 89626318.758977 89626320.379497 0.0 0.0 105.79314659510705 3.200000006200432 0.0 0.0
844.0 89626320.379497 89626322.00001702 89626323.62053701 0.0 0.0 105.79314659510705 3.200000006200432 0.0 0.0
845.0 89626323.620537 89626325.24105701 89626326.861577 0.0 0.0 105.79314659510705 3.200000006200432 0.0 0.0
846.0 89626326.861577 89626328.482097 89626330.10261701 0.0 0.0 105.79314659510705 3.200000006200432 0.0 0.0
847.0 89626330.102617 89626331.72313699 89626333.343657 0.0 0.0 105.79314659510705 3.200000006200432 0.0 0.0
848.0 89626333.343657 89626334.96417701 89626336.58469701 0.0 0.0 105.79314659510705 3.200000006200432 0.0 0.0
849.0 89626336.58469701 89626338.205217 89626339.82573701 0.0 0.0 105.79314659510705 3.200000006200432 0.0 0.0
850.0 89626339.825737 89626341.446257 89626343.066777 0.0 0.0 105.79314659510705 3.200000006200432 0.0 0.0
851.0 89626343.066777 89626344.68729702 89626346.30781701 0.0 0.0 105.79314659510705 3.200000006200432 0.0 0.0
852.0 89626346.307817 89626347.92833701 89626349.548857 0.0 0.0 105.79314659510705 3.200000006200432 0.0 0.0
853.0 89626349.548857 89626351.169377 89626352.78989701 0.0 0.0 105.79314659510705 3.200000006200432 0.0 0.0
854.0 89626352.78989701 89626354.41041702 89626356.03093702 0.0 0.0 105.79314659510705 3.200000006200432 0.0 0.0
855.0 89626356.030937 89626357.65145701 89626359.271977 0.0 0.0 105.79314659510705 3.200000006200432 0.0 0.0
856.0 89626359.271977 89626360.892497 89626362.51301701 0.0 0.0 105.79314659510705 3.200000006200432 0.0 0.0
857.0 89626362.513017 89626364.133537 89626365.754057 0.0 0.0 105.79314659510705 3.200000006200432 0.0 0.0
858.0 89626365.754057 89626367.37457702 89626368.99509701 0.0 0.0 105.79314659510705 3.200000006200432 0.0 0.0
859.0 89626368.995097 89626370.615617 89626372.236137 0.0 0.0 105.79314659510705 3.200000006200432 0.0 0.0
860.0 89626372.236137 89626373.856657 89626375.47717701 0.0 0.0 105.79314659510705 3.200000006200432 0.0 0.0
861.0 89626375.47717701 89626377.09769702 89626378.71821702 0.0 0.0 105.79314659510705 3.200000006200432 0.0 0.0
862.0 89626378.718217 89626380.33873701 89626381.959257 0.0 0.0 105.79314659510705 3.200000006200432 0.0 0.0
863.0 89626381.959257 89626383.579777 89626385.20029701 0.0 0.0 105.79314659510705 3.200000006200432 0.0 0.0
864.0 89626385.200297 89626386.820817 89626388.441337 0.0 0.0 105.79314659510705 3.200000006200432 0.0 0.0
865.0 89626388.441337 89626390.06185701 89626391.68237701 0.0 0.0 105.79314659510705 3.200000006200432 0.0 0.0
866.0 89626391.682377 89626393.302897 89626394.923417 0.0 0.0 105.79314659510705 3.200000006200432 0.0 0.0
867.0 89626394.923417 89626396.543937 89626398.16445701 0.0 0.0 105.79314659510705 3.200000006200432 0.0 0.0
868.0 89626398.16445701 89626399.78497702 89626401.40549701 0.0 0.0 105.79314659510705 3.200000006200432 0.0 0.0
869.0 89626401.405497 89626403.02601701 89626404.646537 0.0 0.0 105.79314659510705 3.200000006200432 0.0 0.0
870.0 89626404.646537 89626406.267057 89626407.88757701 0.0 0.0 105.79314659510705 3.200000006200432 0.0 0.0
871.0 89626407.887577 89626409.508097 89626411.128617 0.0 0.0 105.79314659510705 3.200000006200432 0.0 0.0
872.0 89626411.128617 89626412.74913701 89626414.36965701 0.0 0.0 105.79314659510705 3.200000006200432 0.0 0.0
873.0 89626414.36965701 89626415.990177 89626417.61069702 0.0 0.0 105.79314659510705 3.200000006200432 0.0 0.0
874.0 89626417.610697 89626419.231217 89626420.85173701 0.0 0.0 105.79314659510705 2.4000860027373263 0.0 0.0
875.0 89626420.85173701 89626422.47225702 89626424.09277701 0.0 0.0 105.79314659510705 0.0 0.0 0.0
876.0 89626424.092777 89626425.71329701 89626427.333817 0.0 0.0 105.79314659510705 0.0 0.0 0.0
877.0 89626427.333817 89626428.954337 89626430.57485701 0.0 0.0 105.79314659510705 0.0 0.0 0.0
878.0 89626430.574857 89626432.19537699 89626433.815897 0.0 0.0 105.79314659510705 0.0 0.0 0.0
879.0 89626433.815897 89626435.43641701 89626437.05693701 0.0 0.0 105.79314659510705 0.0 0.0 0.0
880.0 89626437.05693701 89626438.677457 89626440.29797702 0.0 0.0 105.79314659510705 0.0 0.0 0.0
881.0 89626440.297977 89626441.918497 89626443.539017 0.0 0.0 105.79314659510705 0.0 0.0 0.0
882.0 89626443.539017 89626445.15953702 89626446.78005701 0.0 0.0 105.79314659510705 0.0 0.0 0.0
883.0 89626446.780057 89626448.40057701 89626450.021097 0.0 0.0 105.79314659510705 0.0 0.0 0.0
884.0 89626450.021097 89626451.641617 89626453.26213701 0.0 0.0 105.79314659510705 0.0 0.0 0.0
885.0 89626453.262137 89626454.88265699 89626456.503177 0.0 0.0 105.79314659510705 0.0 0.0 0.0
886.0 89626456.503177 89626458.12369701 89626459.74421701 0.0 0.0 105.79314659510705 0.0 0.0 0.0
887.0 89626459.74421701 89626461.364737 89626462.98525701 0.0 0.0 105.79314659510705 0.0 0.0 0.0
888.0 89626462.985257 89626464.605777 89626466.226297 0.0 0.0 105.79314659510705 0.0 0.0 0.0
889.0 89626466.226297 89626467.84681702 89626469.46733701 0.0 0.0 105.79314659510705 0.0 0.0 0.0
890.0 89626469.467337 89626471.08785701 89626472.708377 0.0 0.0 105.79314659510705 0.0 0.0 0.0
891.0 89626472.708377 89626474.328897 89626475.94941701 0.0 0.0 105.79314659510705 0.0 0.0 0.0
892.0 89626475.949417 89626477.56993699 89626479.190457 0.0 0.0 105.79314659510705 0.0 0.0 0.0
893.0 89626479.190457 89626480.81097701 89626482.43149701 0.0 0.0 105.79314659510705 0.0 0.0 0.0
894.0 89626482.43149701 89626484.052017 89626485.67253701 0.0 0.0 105.79314659510705 0.0 0.0 0.0
895.0 89626485.672537 89626487.293057 89626488.913577 0.0 0.0 105.79314659510705 0.0 0.0 0.0
896.0 89626488.913577 89626490.53409702 89626492.15461701 0.0 0.0 105.79314659510705 0.0 0.0 0.0
897.0 89626492.154617 89626493.775137 89626495.395657 0.0 0.0 105.79314659510705 0.0 0.0 0.0
898.0 89626495.395657 89626497.016177 89626498.63669701 0.0 0.0 105.79314659510705 0.0 0.0 0.0
899.0 89626498.63669701 89626500.25721702 89626501.87773702 0.0 0.0 105.79314659510705 0.0 0.0 0.0
900.0 89626501.877737 89626503.49825701 89626505.118777 0.0 0.0 105.79314659510705 0.0 0.0 0.0
901.0 89626505.118777 89626506.739297 89626508.35981701 0.0 0.0 105.79314659510705 0.0 0.0 0.0
902.0 89626508.359817 89626509.980337 89626511.600857 0.0 0.0 105.79314659510705 0.0 0.0 0.0
903.0 89626511.600857 89626513.22137702 89626514.84189701 0.0 0.0 105.79314659510705 0.0 0.0 0.0
904.0 89626514.841897 89626516.462417 89626518.082937 0.0 0.0 105.79314659510705 0.0 0.0 0.0
905.0 89626518.082937 89626519.703457 89626521.32397701 0.0 0.0 105.79314659510705 0.0 0.0 0.0
906.0 89626521.32397701 89626522.94449702 89626524.56501701 0.0 0.0 105.79314659510705 0.0 0.0 0.0
907.0 89626524.565017 89626526.18553701 89626527.806057 0.0 0.0 105.79314659510705 0.0 0.0 0.0
908.0 89626527.806057 89626529.426577 89626531.04709701 0.0 0.0 105.79314659510705 0.0 0.0 0.0
909.0 89626531.047097 89626532.667617 89626534.288137 0.0 0.0 105.79314659510705 0.0 0.0 0.0
910.0 89626534.288137 89626535.90865701 89626537.52917701 0.0 0.0 105.79314659510705 0.0 0.0 0.0
911.0 89626537.529177 89626539.149697 89626540.770217 0.0 0.0 105.79314659510705 0.0 0.0 0.0
912.0 89626540.770217 89626542.390737 89626544.01125701 0.0 0.0 105.79314659510705 0.0 0.0 0.0
913.0 89626544.01125701 89626545.63177702 89626547.25229701 0.0 0.0 105.79314659510705 0.0 0.0 0.0
914.0 89626547.252297 89626548.87281701 89626550.493337 0.0 0.0 105.79314659510705 0.0 0.0 0.0
915.0 89626550.493337 89626552.113857 89626553.73437701 0.0 0.0 105.79314659510705 0.0 0.0 0.0
916.0 89626553.734377 89626555.35489699 89626556.975417 0.0 0.0 105.79314659510705 0.0 0.0 0.0
917.0 89626556.975417 89626558.59593701 89626560.21645701 0.0 0.0 105.79314659510705 0.0 0.0 0.0
918.0 89626560.21645701 89626561.836977 89626563.45749702 0.0 0.0 105.79314659510705 0.0 0.0 0.0
919.0 89626563.457497 89626565.078017 89626566.698537 0.0 0.0 105.79314659510705 0.0 0.0 0.0
920.0 89626566.698537 89626568.31905702 89626569.93957701 0.0 0.0 105.79314659510705 0.0 0.0 0.0
921.0 89626569.939577 89626571.56009701 89626573.180617 0.0 0.0 105.79314659510705 0.0 0.0 0.0
922.0 89626573.180617 89626574.801137 89626576.42165701 0.0 0.0 105.79314659510705 0.0 0.0 0.0
923.0 89626576.421657 89626578.04217699 89626579.662697 0.0 0.0 105.79314659510705 0.0 0.0 0.0
924.0 89626579.662697 89626581.28321701 89626582.90373701 0.0 0.0 105.79314659510705 0.0 0.0 0.0
925.0 89626582.90373701 89626584.524257 89626586.14477701 0.0 0.0 105.79314659510705 0.0 0.0 0.0
926.0 89626586.144777 89626587.765297 89626589.385817 0.0 0.0 105.79314659510705 0.0 0.0 0.0
927.0 89626589.385817 89626591.00633702 89626592.62685701 0.0 0.0 105.79314659510705 0.0 0.0 0.0
928.0 89626592.626857 89626594.24737701 89626595.867897 0.0 0.0 105.79314659510705 0.0 0.0 0.0
929.0 89626595.867897 89626597.488417 89626599.10893701 0.0 0.0 105.79314659510705 0.0 0.0 0.0
930.0 89626599.108937 89626600.72945699 89626602.349977 0.0 0.0 105.79314659510705 0.0 0.0 0.0
931.0 89626602.349977 89626603.97049701 89626605.59101701 0.0 0.0 105.79314659510705 0.0 0.0 0.0
932.0 89626605.59101701 89626607.211537 89626608.83205701 0.0 0.0 105.79314659510705 0.0 0.0 0.0
933.0 89626608.832057 89626610.452577 89626612.073097 0.0 0.0 105.79314659510705 0.0 0.0 0.0
934.0 89626612.073097 89626613.69361702 89626615.31413701 0.0 0.0 105.79314659510705 0.0 0.0 0.0
935.0 89626615.314137 89626616.93465701 89626618.555177 0.0 0.0 105.79314659510705 0.0 0.0 0.0
936.0 89626618.555177 89626620.175697 89626621.79621701 0.0 0.0 105.79314659510705 0.0 0.0 0.0
937.0 89626621.79621701 89626623.41673702 89626625.03725702 0.0 0.0 105.79314659510705 0.0 0.0 0.0
938.0 89626625.037257 89626626.65777701 89626628.278297 0.0 0.0 105.79314659510705 0.0 0.0 0.0
939.0 89626628.278297 89626629.898817 89626631.51933701 0.0 0.0 105.79314659510705 0.0 0.0 0.0
940.0 89626631.519337 89626633.139857 89626634.760377 0.0 0.0 105.79314659510705 0.0 0.0 0.0
941.0 89626634.760377 89626636.38089702 89626638.00141701 0.0 0.0 105.79314659510705 0.0 0.0 0.0
942.0 89626638.001417 89626639.621937 89626641.242457 0.0 0.0 105.79314659510705 0.0 0.0 0.0
943.0 89626641.242457 89626642.862977 89626644.48349701 0.0 0.0 105.79314659510705 0.0 0.0 0.0
944.0 89626644.48349701 89626646.10401702 89626647.72453701 0.0 0.0 105.79314659510705 0.0 0.0 0.0
945.0 89626647.724537 89626649.34505701 89626650.965577 0.0 0.0 105.79314659510705 0.0 0.0 0.0
946.0 89626650.965577 89626652.586097 89626654.20661701 0.0 0.0 105.79314659510705 0.0 0.0 0.0
947.0 89626654.206617 89626655.827137 89626657.447657 0.0 0.0 105.79314659510705 0.0 0.0 0.0
948.0 89626657.447657 89626659.06817701 89626660.68869701 0.0 0.0 105.79314659510705 0.0 0.0 0.0
949.0 89626660.688697 89626662.309217 89626663.929737 0.0 0.0 105.79314659510705 0.0 0.0 0.0
950.0 89626663.929737 89626665.550257 89626667.17077701 0.0 0.0 105.79314659510705 0.0 0.0 0.0
951.0 89626667.17077701 89626668.79129702 89626670.41181701 0.0 0.0 105.79314659510705 0.0 0.0 0.0
952.0 89626670.411817 89626672.03233701 89626673.652857 0.0 0.0 105.79314659510705 0.0 0.0 0.0
953.0 89626673.652857 89626675.273377 89626676.89389701 0.0 0.0 105.79314659510705 0.0 0.0 0.0
954.0 89626676.893897 89626678.514417 89626680.134937 0.0 0.0 105.79314659510705 0.0 0.0 0.0
955.0 89626680.134937 89626681.75545701 89626683.37597701 0.0 0.0 105.79314659510705 0.0 0.0 0.0
956.0 89626683.37597701 89626684.996497 89626686.61701702 0.0 0.0 105.79314659510705 0.0 0.0 0.0
957.0 89626686.617017 89626688.237537 89626689.858057 0.0 0.0 105.79314659510705 0.0 0.0 0.0
958.0 89626689.858057 89626691.47857702 89626693.09909701 0.0 0.0 105.79314659510705 0.0 0.0 0.0
959.0 89626693.099097 89626694.71961701 89626696.340137 0.0 0.0 105.79314659510705 0.0 0.0 0.0
