TIME_BIN TIME_MIN TIME TIME_MAX COUNTS STAT_ERR AREA EXPOSURE COUNT_RATE COUNT_RATE_ERR
1.0 661972635.50697 661972637.12749 661972638.74801 0.0 0.0 2.8274333882306756e-11 0.0 0.0 0.0
2.0 661972638.74801 661972640.36853 661972641.98905 0.0 0.0 2.8274333882306756e-11 0.0 0.0 0.0
3.0 661972641.98905 661972643.60957 661972645.23009 0.0 0.0 2.8274333882306756e-11 0.0 0.0 0.0
4.0 661972645.23009 661972646.85061 661972648.47113 0.0 0.0 2.8274333882306756e-11 0.0 0.0 0.0
5.0 661972648.47113 661972650.09165 661972651.71217 0.0 0.0 2.8274333882306756e-11 0.0 0.0 0.0
6.0 661972651.71217 661972653.33269 661972654.95321 0.0 0.0 2.8274333882306756e-11 0.0 0.0 0.0
7.0 661972654.95321 661972656.57373 661972658.19425 0.0 0.0 2.8274333882306756e-11 0.0 0.0 0.0
8.0 661972658.1942501 661972659.8147701 661972661.4352901 0.0 0.0 2.8274333882306756e-11 0.0 0.0 0.0
9.0 661972661.4352901 661972663.0558101 661972664.6763301 0.0 0.0 2.8274333882306756e-11 0.0 0.0 0.0
10.0 661972664.6763301 661972666.2968501 661972667.9173701 0.0 0.0 2.8274333882306756e-11 0.0 0.0 0.0
11.0 661972667.9173701 661972669.5378901 661972671.1584101 0.0 0.0 2.8274333882306756e-11 0.0 0.0 0.0
12.0 661972671.1584101 661972672.7789301 661972674.3994501 0.0 0.0 2.8274333882306756e-11 0.0 0.0 0.0
13.0 661972674.3994501 661972676.01997 661972677.64049 0.0 0.0 2.8274333882306756e-11 0.0 0.0 0.0
14.0 661972677.64049 661972679.26101 661972680.88153 0.0 0.0 2.8274333882306756e-11 0.0 0.0 0.0
15.0 661972680.88153 661972682.50205 661972684.12257 0.0 0.0 2.8274333882306756e-11 0.0 0.0 0.0
16.0 661972684.12257 661972685.74309 661972687.36361 0.0 0.0 2.8274333882306756e-11 0.0 0.0 0.0
17.0 661972687.36361 661972688.98413 661972690.60465 0.0 0.0 2.8274333882306756e-11 0.0 0.0 0.0
18.0 661972690.60465 661972692.22517 661972693.84569 0.0 0.0 2.8274333882306756e-11 0.0 0.0 0.0
19.0 661972693.84569 661972695.46621 661972697.08673 0.0 0.0 2.8274333882306756e-11 0.0 0.0 0.0
20.0 661972697.08673 661972698.70725 661972700.32777 0.0 0.0 2.8274333882306756e-11 0.0 0.0 0.0
21.0 661972700.32777 661972701.94829 661972703.56881 0.0 0.0 2.8274333882306756e-11 0.0 0.0 0.0
22.0 661972703.5688101 661972705.1893301 661972706.8098501 0.0 0.0 2.8274333882306756e-11 0.0 0.0 0.0
23.0 661972706.8098501 661972708.4303701 661972710.0508901 0.0 0.0 2.8274333882306756e-11 0.0 0.0 0.0
24.0 661972710.0508901 661972711.6714101 661972713.2919301 0.0 0.0 2.8274333882306756e-11 0.0 0.0 0.0
25.0 661972713.2919301 661972714.9124501 661972716.5329701 0.0 0.0 2.8274333882306756e-11 0.0 0.0 0.0
26.0 661972716.5329701 661972718.1534901 661972719.7740101 0.0 0.0 2.8274333882306756e-11 0.0 0.0 0.0
27.0 661972719.7740101 661972721.39453 661972723.01505 0.0 0.0 2.8274333882306756e-11 0.0 0.0 0.0
28.0 661972723.01505 661972724.63557 661972726.25609 0.0 0.0 2.8274333882306756e-11 0.0 0.0 0.0
29.0 661972726.25609 661972727.87661 661972729.49713 0.0 0.0 2.8274333882306756e-11 0.0 0.0 0.0
30.0 661972729.49713 661972731.11765 661972732.73817 0.0 0.0 2.8274333882306756e-11 0.0 0.0 0.0
31.0 661972732.73817 661972734.35869 661972735.97921 0.0 0.0 2.8274333882306756e-11 0.0 0.0 0.0
32.0 661972735.97921 661972737.59973 661972739.22025 0.0 0.0 2.8274333882306756e-11 0.0 0.0 0.0
33.0 661972739.22025 661972740.84077 661972742.46129 0.0 0.0 2.8274333882306756e-11 0.0 0.0 0.0
34.0 661972742.46129 661972744.08181 661972745.70233 0.0 0.0 2.8274333882306756e-11 0.0 0.0 0.0
35.0 661972745.70233 661972747.32285 661972748.94337 0.0 0.0 2.8274333882306756e-11 0.0 0.0 0.0
36.0 661972748.9433701 661972750.5638901 661972752.1844101 0.0 0.0 2.8274333882306756e-11 0.0 0.0 0.0
37.0 661972752.1844101 661972753.8049301 661972755.4254501 0.0 0.0 2.8274333882306756e-11 0.0 0.0 0.0
38.0 661972755.4254501 661972757.0459701 661972758.6664901 0.0 0.0 2.8274333882306756e-11 0.0 0.0 0.0
39.0 661972758.6664901 661972760.2870101 661972761.9075301 0.0 0.0 2.8274333882306756e-11 0.0 0.0 0.0
40.0 661972761.9075301 661972763.5280501 661972765.1485701 0.0 0.0 2.8274333882306756e-11 0.0 0.0 0.0
41.0 661972765.1485701 661972766.76909 661972768.38961 0.0 0.0 2.8274333882306756e-11 0.0 0.0 0.0
42.0 661972768.38961 661972770.01013 661972771.63065 0.0 0.0 2.8274333882306756e-11 0.0 0.0 0.0
43.0 661972771.63065 661972773.25117 661972774.87169 0.0 0.0 2.8274333882306756e-11 0.0 0.0 0.0
44.0 661972774.87169 661972776.49221 661972778.11273 0.0 0.0 2.8274333882306756e-11 0.0 0.0 0.0
45.0 661972778.11273 661972779.73325 661972781.35377 0.0 0.0 2.8274333882306756e-11 0.0 0.0 0.0
46.0 661972781.35377 661972782.97429 661972784.59481 0.0 0.0 2.8274333882306756e-11 0.0 0.0 0.0
47.0 661972784.59481 661972786.21533 661972787.83585 0.0 0.0 2.8274333882306756e-11 0.0 0.0 0.0
48.0 661972787.83585 661972789.45637 661972791.07689 0.0 0.0 2.8274333882306756e-11 0.0 0.0 0.0
49.0 661972791.07689 661972792.69741 661972794.31793 0.0 0.0 2.8274333882306756e-11 0.0 0.0 0.0
50.0 661972794.3179301 661972795.9384501 661972797.5589701 0.0 0.0 2.8274333882306756e-11 0.0 0.0 0.0
51.0 661972797.5589701 661972799.1794901 661972800.8000101 0.0 0.0 2.8274333882306756e-11 0.0 0.0 0.0
52.0 661972800.8000101 661972802.4205301 661972804.0410501 0.0 0.0 2.8274333882306756e-11 0.0 0.0 0.0
53.0 661972804.0410501 661972805.6615701 661972807.2820901 0.0 0.0 2.8274333882306756e-11 0.0 0.0 0.0
54.0 661972807.2820901 661972808.9026101 661972810.52313 0.0 0.0 2.8274333882306756e-11 0.0 0.0 0.0
55.0 661972810.52313 661972812.14365 661972813.76417 0.0 0.0 2.8274333882306756e-11 0.0 0.0 0.0
56.0 661972813.76417 661972815.38469 661972817.00521 0.0 0.0 2.8274333882306756e-11 0.0 0.0 0.0
57.0 661972817.00521 661972818.62573 661972820.24625 0.0 0.0 2.8274333882306756e-11 0.0 0.0 0.0
58.0 661972820.24625 661972821.86677 661972823.48729 0.0 0.0 2.8274333882306756e-11 0.0 0.0 0.0
59.0 661972823.48729 661972825.10781 661972826.72833 0.0 0.0 2.8274333882306756e-11 0.0 0.0 0.0
60.0 661972826.72833 661972828.34885 661972829.96937 0.0 0.0 2.8274333882306756e-11 0.0 0.0 0.0
61.0 661972829.96937 661972831.58989 661972833.21041 0.0 0.0 2.8274333882306756e-11 0.0 0.0 0.0
62.0 661972833.21041 661972834.83093 661972836.45145 0.0 0.0 2.8274333882306756e-11 0.0 0.0 0.0
63.0 661972836.45145 661972838.07197 661972839.69249 0.0 0.0 2.8274333882306756e-11 0.0 0.0 0.0
64.0 661972839.6924901 661972841.3130101 661972842.9335301 0.0 0.0 2.8274333882306756e-11 0.0 0.0 0.0
65.0 661972842.9335301 661972844.5540501 661972846.1745701 0.0 0.0 2.8274333882306756e-11 0.0 0.0 0.0
66.0 661972846.1745701 661972847.7950901 661972849.4156101 0.0 0.0 2.8274333882306756e-11 0.0 0.0 0.0
67.0 661972849.4156101 661972851.0361301 661972852.6566501 0.0 0.0 2.8274333882306756e-11 0.0 0.0 0.0
68.0 661972852.6566501 661972854.2771701 661972855.89769 0.0 0.0 2.8274333882306756e-11 0.0 0.0 0.0
69.0 661972855.89769 661972857.51821 661972859.13873 0.0 0.0 2.8274333882306756e-11 0.0 0.0 0.0
70.0 661972859.13873 661972860.75925 661972862.37977 0.0 0.0 2.8274333882306756e-11 0.0 0.0 0.0
71.0 661972862.37977 661972864.00029 661972865.62081 0.0 0.0 2.8274333882306756e-11 0.0 0.0 0.0
72.0 661972865.62081 661972867.24133 661972868.86185 0.0 0.0 2.8274333882306756e-11 0.0 0.0 0.0
73.0 661972868.86185 661972870.48237 661972872.10289 0.0 0.0 2.8274333882306756e-11 0.0 0.0 0.0
74.0 661972872.10289 661972873.72341 661972875.34393 0.0 0.0 2.8274333882306756e-11 0.0 0.0 0.0
75.0 661972875.34393 661972876.96445 661972878.58497 0.0 0.0 2.8274333882306756e-11 0.0 0.0 0.0
76.0 661972878.58497 661972880.20549 661972881.82601 0.0 0.0 2.8274333882306756e-11 0.0 0.0 0.0
77.0 661972881.82601 661972883.44653 661972885.06705 0.0 0.0 2.8274333882306756e-11 0.0 0.0 0.0
78.0 661972885.0670501 661972886.6875701 661972888.3080901 0.0 0.0 2.8274333882306756e-11 0.0 0.0 0.0
79.0 661972888.3080901 661972889.9286101 661972891.5491301 0.0 0.0 2.8274333882306756e-11 0.0 0.0 0.0
80.0 661972891.5491301 661972893.1696501 661972894.7901701 0.0 0.0 2.8274333882306756e-11 0.0 0.0 0.0
81.0 661972894.7901701 661972896.4106901 661972898.0312101 0.0 0.0 2.8274333882306756e-11 0.0 0.0 0.0
82.0 661972898.0312101 661972899.6517301 661972901.27225 0.0 0.0 2.8274333882306756e-11 0.0 0.0 0.0
83.0 661972901.27225 661972902.89277 661972904.51329 0.0 0.0 2.8274333882306756e-11 0.0 0.0 0.0
84.0 661972904.51329 661972906.13381 661972907.75433 0.0 0.0 2.8274333882306756e-11 0.0 0.0 0.0
85.0 661972907.75433 661972909.37485 661972910.99537 0.0 0.0 2.8274333882306756e-11 0.0 0.0 0.0
86.0 661972910.99537 661972912.61589 661972914.23641 0.0 0.0 2.8274333882306756e-11 0.0 0.0 0.0
87.0 661972914.23641 661972915.85693 661972917.47745 0.0 0.0 2.8274333882306756e-11 0.0 0.0 0.0
88.0 661972917.47745 661972919.09797 661972920.71849 0.0 0.0 2.8274333882306756e-11 0.0 0.0 0.0
89.0 661972920.71849 661972922.33901 661972923.95953 0.0 0.0 2.8274333882306756e-11 0.0 0.0 0.0
90.0 661972923.95953 661972925.58005 661972927.20057 0.0 0.0 2.8274333882306756e-11 0.0 0.0 0.0
91.0 661972927.2005701 661972928.8210901 661972930.4416101 0.0 0.0 2.8274333882306756e-11 0.0 0.0 0.0
92.0 661972930.4416101 661972932.0621301 661972933.6826501 0.0 0.0 2.8274333882306756e-11 0.0 0.0 0.0
93.0 661972933.6826501 661972935.3031701 661972936.9236901 0.0 0.0 2.8274333882306756e-11 0.0 0.0 0.0
94.0 661972936.9236901 661972938.5442101 661972940.1647301 0.0 0.0 2.8274333882306756e-11 0.0 0.0 0.0
95.0 661972940.1647301 661972941.7852501 661972943.4057701 0.0 0.0 2.8274333882306756e-11 0.0 0.0 0.0
96.0 661972943.4057701 661972945.02629 661972946.64681 0.0 0.0 2.8274333882306756e-11 0.0 0.0 0.0
97.0 661972946.64681 661972948.26733 661972949.88785 0.0 0.0 2.8274333882306756e-11 0.0 0.0 0.0
98.0 661972949.88785 661972951.50837 661972953.12889 0.0 0.0 2.8274333882306756e-11 0.0 0.0 0.0
99.0 661972953.12889 661972954.74941 661972956.36993 0.0 0.0 2.8274333882306756e-11 0.0 0.0 0.0
100.0 661972956.36993 661972957.99045 661972959.61097 0.0 0.0 2.8274333882306756e-11 0.0 0.0 0.0
101.0 661972959.61097 661972961.23149 661972962.85201 0.0 0.0 2.8274333882306756e-11 0.0 0.0 0.0
102.0 661972962.85201 661972964.47253 661972966.09305 0.0 0.0 2.8274333882306756e-11 0.0 0.0 0.0
103.0 661972966.09305 661972967.71357 661972969.33409 0.0 0.0 2.8274333882306756e-11 0.0 0.0 0.0
104.0 661972969.33409 661972970.95461 661972972.57513 0.0 0.0 2.8274333882306756e-11 0.0 0.0 0.0
105.0 661972972.5751301 661972974.1956501 661972975.8161701 0.0 0.0 2.8274333882306756e-11 0.0 0.0 0.0
106.0 661972975.8161701 661972977.4366901 661972979.0572101 0.0 0.0 2.8274333882306756e-11 0.0 0.0 0.0
107.0 661972979.0572101 661972980.6777301 661972982.2982501 0.0 0.0 2.8274333882306756e-11 0.0 0.0 0.0
108.0 661972982.2982501 661972983.9187701 661972985.5392901 0.0 0.0 2.8274333882306756e-11 0.0 0.0 0.0
109.0 661972985.5392901 661972987.1598101 661972988.7803301 0.0 0.0 2.8274333882306756e-11 0.0 0.0 0.0
110.0 661972988.7803301 661972990.40085 661972992.02137 0.0 0.0 2.8274333882306756e-11 0.0 0.0 0.0
111.0 661972992.02137 661972993.64189 661972995.26241 0.0 0.0 2.8274333882306756e-11 0.0 0.0 0.0
112.0 661972995.26241 661972996.88293 661972998.50345 0.0 0.0 2.8274333882306756e-11 0.0 0.0 0.0
113.0 661972998.50345 661973000.12397 661973001.74449 0.0 0.0 2.8274333882306756e-11 0.0 0.0 0.0
114.0 661973001.74449 661973003.36501 661973004.98553 0.0 0.0 2.8274333882306756e-11 0.0 0.0 0.0
115.0 661973004.98553 661973006.60605 661973008.22657 0.0 0.0 2.8274333882306756e-11 0.0 0.0 0.0
116.0 661973008.22657 661973009.84709 661973011.46761 0.0 0.0 2.8274333882306756e-11 0.0 0.0 0.0
117.0 661973011.46761 661973013.08813 661973014.70865 0.0 0.0 2.8274333882306756e-11 0.0 0.0 0.0
118.0 661973014.70865 661973016.32917 661973017.94969 0.0 0.0 2.8274333882306756e-11 0.0 0.0 0.0
119.0 661973017.9496901 661973019.5702101 661973021.1907301 0.0 0.0 2.8274333882306756e-11 0.0 0.0 0.0
120.0 661973021.1907301 661973022.8112501 661973024.4317701 0.0 0.0 2.8274333882306756e-11 0.0 0.0 0.0
121.0 661973024.4317701 661973026.0522901 661973027.6728101 0.0 0.0 2.8274333882306756e-11 0.0 0.0 0.0
122.0 661973027.6728101 661973029.2933301 661973030.9138501 0.0 0.0 2.8274333882306756e-11 0.0 0.0 0.0
123.0 661973030.9138501 661973032.5343701 661973034.1548901 0.0 0.0 2.8274333882306756e-11 0.0 0.0 0.0
124.0 661973034.1548901 661973035.77541 661973037.39593 0.0 0.0 2.8274333882306756e-11 0.0 0.0 0.0
125.0 661973037.39593 661973039.01645 661973040.63697 0.0 0.0 2.8274333882306756e-11 0.0 0.0 0.0
126.0 661973040.63697 661973042.25749 661973043.87801 0.0 0.0 2.8274333882306756e-11 0.0 0.0 0.0
127.0 661973043.87801 661973045.49853 661973047.11905 0.0 0.0 2.8274333882306756e-11 0.0 0.0 0.0
128.0 661973047.11905 661973048.73957 661973050.36009 0.0 0.0 2.8274333882306756e-11 0.0 0.0 0.0
129.0 661973050.36009 661973051.98061 661973053.60113 0.0 0.0 2.8274333882306756e-11 0.0 0.0 0.0
130.0 661973053.60113 661973055.22165 661973056.84217 0.0 0.0 2.8274333882306756e-11 0.0 0.0 0.0
131.0 661973056.84217 661973058.46269 661973060.08321 0.0 0.0 2.8274333882306756e-11 0.0 0.0 0.0
132.0 661973060.08321 661973061.70373 661973063.32425 0.0 0.0 2.8274333882306756e-11 0.0 0.0 0.0
133.0 661973063.3242501 661973064.9447701 661973066.5652901 0.0 0.0 2.8274333882306756e-11 0.0 0.0 0.0
134.0 661973066.5652901 661973068.1858101 661973069.8063301 0.0 0.0 2.8274333882306756e-11 0.0 0.0 0.0
135.0 661973069.8063301 661973071.4268501 661973073.0473701 0.0 0.0 2.8274333882306756e-11 0.0 0.0 0.0
136.0 661973073.0473701 661973074.6678901 661973076.2884101 0.0 0.0 2.8274333882306756e-11 0.0 0.0 0.0
137.0 661973076.2884101 661973077.9089301 661973079.52945 0.0 0.0 2.8274333882306756e-11 0.0 0.0 0.0
138.0 661973079.52945 661973081.14997 661973082.77049 0.0 0.0 2.8274333882306756e-11 0.0 0.0 0.0
139.0 661973082.77049 661973084.39101 661973086.01153 0.0 0.0 2.8274333882306756e-11 0.0 0.0 0.0
140.0 661973086.01153 661973087.63205 661973089.25257 0.0 0.0 2.8274333882306756e-11 0.0 0.0 0.0
141.0 661973089.25257 661973090.87309 661973092.49361 0.0 0.0 2.8274333882306756e-11 0.0 0.0 0.0
142.0 661973092.49361 661973094.11413 661973095.73465 0.0 0.0 2.8274333882306756e-11 0.0 0.0 0.0
143.0 661973095.73465 661973097.35517 661973098.97569 0.0 0.0 2.8274333882306756e-11 0.0 0.0 0.0
144.0 661973098.97569 661973100.59621 661973102.21673 0.0 0.0 2.8274333882306756e-11 0.0 0.0 0.0
145.0 661973102.21673 661973103.83725 661973105.45777 0.0 0.0 2.8274333882306756e-11 0.0 0.0 0.0
146.0 661973105.45777 661973107.07829 661973108.69881 0.0 0.0 2.8274333882306756e-11 0.0 0.0 0.0
147.0 661973108.6988101 661973110.3193301 661973111.9398501 0.0 0.0 2.8274333882306756e-11 0.0 0.0 0.0
148.0 661973111.9398501 661973113.5603701 661973115.1808901 0.0 0.0 2.8274333882306756e-11 0.0 0.0 0.0
149.0 661973115.1808901 661973116.8014101 661973118.4219301 0.0 0.0 2.8274333882306756e-11 0.0 0.0 0.0
150.0 661973118.4219301 661973120.0424501 661973121.6629701 0.0 0.0 2.8274333882306756e-11 0.0 0.0 0.0
151.0 661973121.6629701 661973123.2834901 661973124.90401 0.0 0.0 2.8274333882306756e-11 0.0 0.0 0.0
152.0 661973124.90401 661973126.52453 661973128.14505 0.0 0.0 2.8274333882306756e-11 0.0 0.0 0.0
153.0 661973128.14505 661973129.76557 661973131.38609 0.0 0.0 2.8274333882306756e-11 0.0 0.0 0.0
154.0 661973131.38609 661973133.00661 661973134.62713 0.0 0.0 2.8274333882306756e-11 0.0 0.0 0.0
155.0 661973134.62713 661973136.24765 661973137.86817 0.0 0.0 2.8274333882306756e-11 0.0 0.0 0.0
156.0 661973137.86817 661973139.48869 661973141.10921 0.0 0.0 2.8274333882306756e-11 0.0 0.0 0.0
157.0 661973141.10921 661973142.72973 661973144.35025 0.0 0.0 2.8274333882306756e-11 0.0 0.0 0.0
158.0 661973144.35025 661973145.97077 661973147.59129 0.0 0.0 2.8274333882306756e-11 0.0 0.0 0.0
159.0 661973147.59129 661973149.21181 661973150.83233 0.0 0.0 2.8274333882306756e-11 0.0 0.0 0.0
160.0 661973150.83233 661973152.45285 661973154.07337 0.0 0.0 2.8274333882306756e-11 0.0 0.0 0.0
161.0 661973154.0733701 661973155.6938901 661973157.3144101 0.0 0.0 2.8274333882306756e-11 0.0 0.0 0.0
162.0 661973157.3144101 661973158.9349301 661973160.5554501 0.0 0.0 2.8274333882306756e-11 0.0 0.0 0.0
163.0 661973160.5554501 661973162.1759701 661973163.7964901 0.0 0.0 2.8274333882306756e-11 0.0 0.0 0.0
164.0 661973163.7964901 661973165.4170101 661973167.0375301 0.0 0.0 2.8274333882306756e-11 0.0 0.0 0.0
165.0 661973167.0375301 661973168.6580501 661973170.27857 0.0 0.0 2.8274333882306756e-11 0.0 0.0 0.0
166.0 661973170.27857 661973171.89909 661973173.51961 0.0 0.0 2.8274333882306756e-11 0.0 0.0 0.0
167.0 661973173.51961 661973175.14013 661973176.76065 0.0 0.0 2.8274333882306756e-11 0.0 0.0 0.0
168.0 661973176.76065 661973178.38117 661973180.00169 0.0 0.0 2.8274333882306756e-11 0.0 0.0 0.0
169.0 661973180.00169 661973181.62221 661973183.24273 0.0 0.0 2.8274333882306756e-11 0.0 0.0 0.0
170.0 661973183.24273 661973184.86325 661973186.48377 0.0 0.0 2.8274333882306756e-11 0.0 0.0 0.0
171.0 661973186.48377 661973188.10429 661973189.72481 0.0 0.0 2.8274333882306756e-11 0.0 0.0 0.0
172.0 661973189.72481 661973191.34533 661973192.96585 0.0 0.0 2.8274333882306756e-11 0.0 0.0 0.0
173.0 661973192.96585 661973194.58637 661973196.20689 0.0 0.0 2.8274333882306756e-11 0.0 0.0 0.0
174.0 661973196.2068901 661973197.8274101 661973199.4479301 0.0 0.0 2.8274333882306756e-11 0.0 0.0 0.0
175.0 661973199.4479301 661973201.0684501 661973202.6889701 0.0 0.0 2.8274333882306756e-11 0.0 0.0 0.0
176.0 661973202.6889701 661973204.3094901 661973205.9300101 0.0 0.0 2.8274333882306756e-11 0.0 0.0 0.0
177.0 661973205.9300101 661973207.5505301 661973209.1710501 0.0 0.0 2.8274333882306756e-11 0.0 0.0 0.0
178.0 661973209.1710501 661973210.7915701 661973212.4120901 0.0 0.0 2.8274333882306756e-11 0.0 0.0 0.0
179.0 661973212.4120901 661973214.03261 661973215.65313 0.0 0.0 2.8274333882306756e-11 0.0 0.0 0.0
180.0 661973215.65313 661973217.27365 661973218.89417 0.0 0.0 2.8274333882306756e-11 0.0 0.0 0.0
181.0 661973218.89417 661973220.51469 661973222.13521 0.0 0.0 2.8274333882306756e-11 0.0 0.0 0.0
182.0 661973222.13521 661973223.75573 661973225.37625 0.0 0.0 2.8274333882306756e-11 0.0 0.0 0.0
183.0 661973225.37625 661973226.99677 661973228.61729 0.0 0.0 2.8274333882306756e-11 0.0 0.0 0.0
184.0 661973228.61729 661973230.23781 661973231.85833 0.0 0.0 2.8274333882306756e-11 0.0 0.0 0.0
185.0 661973231.85833 661973233.47885 661973235.09937 0.0 0.0 2.8274333882306756e-11 0.0 0.0 0.0
186.0 661973235.09937 661973236.71989 661973238.34041 0.0 0.0 2.8274333882306756e-11 0.0 0.0 0.0
187.0 661973238.34041 661973239.96093 661973241.58145 0.0 0.0 2.8274333882306756e-11 0.0 0.0 0.0
188.0 661973241.5814501 661973243.2019701 661973244.8224901 0.0 0.0 2.8274333882306756e-11 0.0 0.0 0.0
189.0 661973244.8224901 661973246.4430101 661973248.0635301 0.0 0.0 2.8274333882306756e-11 0.0 0.0 0.0
190.0 661973248.0635301 661973249.6840501 661973251.3045701 0.0 0.0 2.8274333882306756e-11 0.0 0.0 0.0
191.0 661973251.3045701 661973252.9250901 661973254.5456101 0.0 0.0 2.8274333882306756e-11 0.0 0.0 0.0
192.0 661973254.5456101 661973256.1661301 661973257.7866501 0.0 0.0 2.8274333882306756e-11 0.0 0.0 0.0
193.0 661973257.7866501 661973259.40717 661973261.02769 0.0 0.0 2.8274333882306756e-11 0.0 0.0 0.0
194.0 661973261.02769 661973262.64821 661973264.26873 0.0 0.0 2.8274333882306756e-11 0.0 0.0 0.0
195.0 661973264.26873 661973265.88925 661973267.50977 0.0 0.0 2.8274333882306756e-11 0.0 0.0 0.0
196.0 661973267.50977 661973269.13029 661973270.75081 0.0 0.0 2.8274333882306756e-11 0.0 0.0 0.0
197.0 661973270.75081 661973272.37133 661973273.99185 0.0 0.0 2.8274333882306756e-11 0.0 0.0 0.0
198.0 661973273.99185 661973275.61237 661973277.23289 0.0 0.0 2.8274333882306756e-11 0.0 0.0 0.0
199.0 661973277.23289 661973278.85341 661973280.47393 0.0 0.0 2.8274333882306756e-11 0.0 0.0 0.0
200.0 661973280.47393 661973282.09445 661973283.71497 0.0 0.0 2.8274333882306756e-11 0.0 0.0 0.0
201.0 661973283.71497 661973285.33549 661973286.95601 0.0 0.0 2.8274333882306756e-11 0.0 0.0 0.0
202.0 661973286.9560101 661973288.5765301 661973290.1970501 0.0 0.0 2.8274333882306756e-11 0.0 0.0 0.0
203.0 661973290.1970501 661973291.8175701 661973293.4380901 0.0 0.0 2.8274333882306756e-11 0.0 0.0 0.0
204.0 661973293.4380901 661973295.0586101 661973296.6791301 0.0 0.0 2.8274333882306756e-11 0.0 0.0 0.0
205.0 661973296.6791301 661973298.2996501 661973299.9201701 0.0 0.0 2.8274333882306756e-11 0.0 0.0 0.0
206.0 661973299.9201701 661973301.5406901 661973303.1612101 0.0 0.0 2.8274333882306756e-11 0.0 0.0 0.0
207.0 661973303.1612101 661973304.78173 661973306.40225 0.0 0.0 2.8274333882306756e-11 0.0 0.0 0.0
208.0 661973306.40225 661973308.02277 661973309.64329 0.0 0.0 2.8274333882306756e-11 0.0 0.0 0.0
209.0 661973309.64329 661973311.26381 661973312.88433 0.0 0.0 2.8274333882306756e-11 0.0 0.0 0.0
210.0 661973312.88433 661973314.50485 661973316.12537 0.0 0.0 2.8274333882306756e-11 0.0 0.0 0.0
211.0 661973316.12537 661973317.74589 661973319.36641 0.0 0.0 2.8274333882306756e-11 0.0 0.0 0.0
212.0 661973319.36641 661973320.98693 661973322.60745 0.0 0.0 2.8274333882306756e-11 0.0 0.0 0.0
213.0 661973322.60745 661973324.22797 661973325.84849 0.0 0.0 2.8274333882306756e-11 0.0 0.0 0.0
214.0 661973325.84849 661973327.46901 661973329.08953 0.0 0.0 2.8274333882306756e-11 0.0 0.0 0.0
215.0 661973329.08953 661973330.71005 661973332.33057 0.0 0.0 2.8274333882306756e-11 0.0 0.0 0.0
216.0 661973332.3305701 661973333.9510901 661973335.5716101 0.0 0.0 2.8274333882306756e-11 0.0 0.0 0.0
217.0 661973335.5716101 661973337.1921301 661973338.8126501 0.0 0.0 2.8274333882306756e-11 0.0 0.0 0.0
218.0 661973338.8126501 661973340.4331701 661973342.0536901 0.0 0.0 2.8274333882306756e-11 0.0 0.0 0.0
219.0 661973342.0536901 661973343.6742101 661973345.2947301 0.0 0.0 2.8274333882306756e-11 0.0 0.0 0.0
220.0 661973345.2947301 661973346.9152501 661973348.53577 0.0 0.0 2.8274333882306756e-11 0.0 0.0 0.0
221.0 661973348.53577 661973350.15629 661973351.77681 0.0 0.0 2.8274333882306756e-11 0.0 0.0 0.0
222.0 661973351.77681 661973353.39733 661973355.01785 0.0 0.0 2.8274333882306756e-11 0.0 0.0 0.0
223.0 661973355.01785 661973356.63837 661973358.25889 0.0 0.0 2.8274333882306756e-11 0.0 0.0 0.0
224.0 661973358.25889 661973359.87941 661973361.49993 0.0 0.0 2.8274333882306756e-11 0.0 0.0 0.0
225.0 661973361.49993 661973363.12045 661973364.74097 0.0 0.0 2.8274333882306756e-11 0.0 0.0 0.0
226.0 661973364.74097 661973366.36149 661973367.98201 0.0 0.0 2.8274333882306756e-11 0.0 0.0 0.0
227.0 661973367.98201 661973369.60253 661973371.22305 0.0 0.0 2.8274333882306756e-11 0.0 0.0 0.0
228.0 661973371.22305 661973372.84357 661973374.46409 0.0 0.0 2.8274333882306756e-11 0.0 0.0 0.0
229.0 661973374.46409 661973376.08461 661973377.70513 0.0 0.0 2.8274333882306756e-11 0.0 0.0 0.0
230.0 661973377.7051301 661973379.3256501 661973380.9461701 0.0 0.0 2.8274333882306756e-11 0.0 0.0 0.0
231.0 661973380.9461701 661973382.5666901 661973384.1872101 0.0 0.0 2.8274333882306756e-11 0.0 0.0 0.0
232.0 661973384.1872101 661973385.8077301 661973387.4282501 0.0 0.0 2.8274333882306756e-11 0.0 0.0 0.0
233.0 661973387.4282501 661973389.0487701 661973390.6692901 0.0 0.0 2.8274333882306756e-11 0.0 0.0 0.0
234.0 661973390.6692901 661973392.2898101 661973393.91033 0.0 0.0 2.8274333882306756e-11 0.0 0.0 0.0
235.0 661973393.91033 661973395.53085 661973397.15137 0.0 0.0 2.8274333882306756e-11 0.0 0.0 0.0
236.0 661973397.15137 661973398.77189 661973400.39241 0.0 0.0 2.8274333882306756e-11 0.0 0.0 0.0
237.0 661973400.39241 661973402.01293 661973403.63345 0.0 0.0 2.8274333882306756e-11 0.0 0.0 0.0
238.0 661973403.63345 661973405.25397 661973406.87449 0.0 0.0 2.8274333882306756e-11 0.0 0.0 0.0
239.0 661973406.87449 661973408.49501 661973410.11553 0.0 0.0 2.8274333882306756e-11 0.0 0.0 0.0
240.0 661973410.11553 661973411.73605 661973413.35657 0.0 0.0 2.8274333882306756e-11 0.0 0.0 0.0
241.0 661973413.35657 661973414.97709 661973416.59761 0.0 0.0 2.8274333882306756e-11 0.0 0.0 0.0
242.0 661973416.59761 661973418.21813 661973419.83865 0.0 0.0 2.8274333882306756e-11 0.0 0.0 0.0
243.0 661973419.8386501 661973421.4591701 661973423.0796901 0.0 0.0 2.8274333882306756e-11 0.0 0.0 0.0
244.0 661973423.0796901 661973424.7002101 661973426.3207301 0.0 0.0 2.8274333882306756e-11 0.0 0.0 0.0
245.0 661973426.3207301 661973427.9412501 661973429.5617701 0.0 0.0 2.8274333882306756e-11 0.0 0.0 0.0
246.0 661973429.5617701 661973431.1822901 661973432.8028101 0.0 0.0 2.8274333882306756e-11 0.0 0.0 0.0
247.0 661973432.8028101 661973434.4233301 661973436.0438501 0.0 0.0 2.8274333882306756e-11 0.0 0.0 0.0
248.0 661973436.0438501 661973437.6643701 661973439.28489 0.0 0.0 2.8274333882306756e-11 0.0 0.0 0.0
249.0 661973439.28489 661973440.90541 661973442.52593 0.0 0.0 2.8274333882306756e-11 0.0 0.0 0.0
250.0 661973442.52593 661973444.14645 661973445.76697 0.0 0.0 2.8274333882306756e-11 0.0 0.0 0.0
251.0 661973445.76697 661973447.38749 661973449.00801 0.0 0.0 2.8274333882306756e-11 0.0 0.0 0.0
252.0 661973449.00801 661973450.62853 661973452.24905 0.0 0.0 2.8274333882306756e-11 0.0 0.0 0.0
253.0 661973452.24905 661973453.86957 661973455.49009 0.0 0.0 2.8274333882306756e-11 0.0 0.0 0.0
254.0 661973455.49009 661973457.11061 661973458.73113 0.0 0.0 2.8274333882306756e-11 0.0 0.0 0.0
255.0 661973458.73113 661973460.35165 661973461.97217 0.0 0.0 2.8274333882306756e-11 0.0 0.0 0.0
256.0 661973461.97217 661973463.59269 661973465.21321 0.0 0.0 2.8274333882306756e-11 0.0 0.0 0.0
257.0 661973465.2132101 661973466.8337301 661973468.4542501 0.0 0.0 2.8274333882306756e-11 0.0 0.0 0.0
258.0 661973468.4542501 661973470.0747701 661973471.6952901 0.0 0.0 2.8274333882306756e-11 0.0 0.0 0.0
259.0 661973471.6952901 661973473.3158101 661973474.9363301 0.0 0.0 2.8274333882306756e-11 0.0 0.0 0.0
260.0 661973474.9363301 661973476.5568501 661973478.1773701 0.0 0.0 2.8274333882306756e-11 0.0 0.0 0.0
261.0 661973478.1773701 661973479.7978901 661973481.4184101 0.0 0.0 2.8274333882306756e-11 0.0 0.0 0.0
262.0 661973481.4184101 661973483.03893 661973484.65945 0.0 0.0 2.8274333882306756e-11 0.0 0.0 0.0
263.0 661973484.65945 661973486.27997 661973487.90049 0.0 0.0 2.8274333882306756e-11 0.0 0.0 0.0
264.0 661973487.90049 661973489.52101 661973491.14153 0.0 0.0 2.8274333882306756e-11 0.0 0.0 0.0
265.0 661973491.14153 661973492.76205 661973494.38257 0.0 0.0 2.8274333882306756e-11 0.0 0.0 0.0
266.0 661973494.38257 661973496.00309 661973497.62361 0.0 0.0 2.8274333882306756e-11 0.0 0.0 0.0
267.0 661973497.62361 661973499.24413 661973500.86465 0.0 0.0 2.8274333882306756e-11 0.0 0.0 0.0
268.0 661973500.86465 661973502.48517 661973504.10569 0.0 0.0 2.8274333882306756e-11 0.0 0.0 0.0
269.0 661973504.10569 661973505.72621 661973507.34673 0.0 0.0 2.8274333882306756e-11 0.0 0.0 0.0
270.0 661973507.34673 661973508.96725 661973510.58777 0.0 0.0 2.8274333882306756e-11 0.0 0.0 0.0
271.0 661973510.5877701 661973512.2082901 661973513.8288101 0.0 0.0 2.8274333882306756e-11 0.0 0.0 0.0
272.0 661973513.8288101 661973515.4493301 661973517.0698501 0.0 0.0 2.8274333882306756e-11 0.0 0.0 0.0
273.0 661973517.0698501 661973518.6903701 661973520.3108901 0.0 0.0 2.8274333882306756e-11 0.0 0.0 0.0
274.0 661973520.3108901 661973521.9314101 661973523.5519301 0.0 0.0 2.8274333882306756e-11 0.0 0.0 0.0
275.0 661973523.5519301 661973525.1724501 661973526.7929701 0.0 0.0 2.8274333882306756e-11 0.0 0.0 0.0
276.0 661973526.7929701 661973528.41349 661973530.03401 0.0 0.0 2.8274333882306756e-11 0.0 0.0 0.0
277.0 661973530.03401 661973531.65453 661973533.27505 0.0 0.0 2.8274333882306756e-11 0.0 0.0 0.0
278.0 661973533.27505 661973534.89557 661973536.51609 0.0 0.0 2.8274333882306756e-11 0.0 0.0 0.0
279.0 661973536.51609 661973538.13661 661973539.75713 0.0 0.0 2.8274333882306756e-11 0.0 0.0 0.0
280.0 661973539.75713 661973541.37765 661973542.99817 0.0 0.0 2.8274333882306756e-11 0.0 0.0 0.0
281.0 661973542.99817 661973544.61869 661973546.23921 0.0 0.0 2.8274333882306756e-11 0.0 0.0 0.0
282.0 661973546.23921 661973547.85973 661973549.48025 0.0 0.0 2.8274333882306756e-11 0.0 0.0 0.0
283.0 661973549.48025 661973551.10077 661973552.72129 0.0 0.0 2.8274333882306756e-11 0.0 0.0 0.0
284.0 661973552.72129 661973554.34181 661973555.96233 0.0 0.0 2.8274333882306756e-11 0.0 0.0 0.0
285.0 661973555.9623301 661973557.5828501 661973559.2033701 0.0 0.0 2.8274333882306756e-11 0.0 0.0 0.0
286.0 661973559.2033701 661973560.8238901 661973562.4444101 0.0 0.0 2.8274333882306756e-11 0.0 0.0 0.0
287.0 661973562.4444101 661973564.0649301 661973565.6854501 0.0 0.0 2.8274333882306756e-11 0.0 0.0 0.0
288.0 661973565.6854501 661973567.3059701 661973568.9264901 0.0 0.0 2.8274333882306756e-11 0.0 0.0 0.0
289.0 661973568.9264901 661973570.5470101 661973572.1675301 0.0 0.0 2.8274333882306756e-11 0.0 0.0 0.0
290.0 661973572.1675301 661973573.78805 661973575.40857 0.0 0.0 2.8274333882306756e-11 0.0 0.0 0.0
291.0 661973575.40857 661973577.02909 661973578.64961 0.0 0.0 2.8274333882306756e-11 0.0 0.0 0.0
292.0 661973578.64961 661973580.27013 661973581.89065 0.0 0.0 2.8274333882306756e-11 0.0 0.0 0.0
293.0 661973581.89065 661973583.51117 661973585.13169 0.0 0.0 2.8274333882306756e-11 0.0 0.0 0.0
294.0 661973585.13169 661973586.75221 661973588.37273 0.0 0.0 2.8274333882306756e-11 0.0 0.0 0.0
295.0 661973588.37273 661973589.99325 661973591.61377 0.0 0.0 2.8274333882306756e-11 0.0 0.0 0.0
296.0 661973591.61377 661973593.23429 661973594.85481 0.0 0.0 2.8274333882306756e-11 0.0 0.0 0.0
297.0 661973594.85481 661973596.47533 661973598.09585 0.0 0.0 2.8274333882306756e-11 0.0 0.0 0.0
298.0 661973598.09585 661973599.71637 661973601.33689 0.0 0.0 2.8274333882306756e-11 0.0 0.0 0.0
299.0 661973601.3368901 661973602.9574101 661973604.5779301 0.0 0.0 2.8274333882306756e-11 0.0 0.0 0.0
300.0 661973604.5779301 661973606.1984501 661973607.8189701 0.0 0.0 2.8274333882306756e-11 0.0 0.0 0.0
301.0 661973607.8189701 661973609.4394901 661973611.0600101 0.0 0.0 2.8274333882306756e-11 0.9477852968920264 0.0 0.0
302.0 661973611.0600101 661973612.6805301 661973614.3010501 0.0 0.0 2.8274333882306756e-11 3.1986934178724904 0.0 0.0
303.0 661973614.3010501 661973615.9215701 661973617.54209 0.0 0.0 2.8274333882306756e-11 3.1986934178724904 0.0 0.0
304.0 661973617.54209 661973619.16261 661973620.78313 0.0 0.0 2.8274333882306756e-11 3.1986934178724904 0.0 0.0
305.0 661973620.78313 661973622.40365 661973624.02417 0.0 0.0 2.8274333882306756e-11 3.1986934178724904 0.0 0.0
306.0 661973624.02417 661973625.64469 661973627.26521 0.0 0.0 2.8274333882306756e-11 3.1986934178724904 0.0 0.0
307.0 661973627.26521 661973628.88573 661973630.50625 0.0 0.0 2.8274333882306756e-11 3.1986934178724904 0.0 0.0
308.0 661973630.50625 661973632.12677 661973633.74729 0.0 0.0 2.8274333882306756e-11 3.1986934178724904 0.0 0.0
309.0 661973633.74729 661973635.36781 661973636.98833 0.0 0.0 2.8274333882306756e-11 3.1986934178724904 0.0 0.0
310.0 661973636.98833 661973638.60885 661973640.22937 0.0 0.0 2.8274333882306756e-11 3.1986934178724904 0.0 0.0
311.0 661973640.22937 661973641.84989 661973643.47041 0.0 0.0 2.8274333882306756e-11 3.1986934178724904 0.0 0.0
312.0 661973643.47041 661973645.09093 661973646.71145 0.0 0.0 2.8274333882306756e-11 3.1986934178724904 0.0 0.0
313.0 661973646.7114501 661973648.3319701 661973649.9524901 0.0 0.0 2.8274333882306756e-11 3.1986934178724904 0.0 0.0
314.0 661973649.9524901 661973651.5730101 661973653.1935301 0.0 0.0 2.8274333882306756e-11 3.1986934178724904 0.0 0.0
315.0 661973653.1935301 661973654.8140501 661973656.4345701 0.0 0.0 2.8274333882306756e-11 3.1986934178724904 0.0 0.0
316.0 661973656.4345701 661973658.0550901 661973659.6756101 0.0 0.0 2.8274333882306756e-11 3.1986934178724904 0.0 0.0
317.0 661973659.6756101 661973661.2961301 661973662.91665 0.0 0.0 2.8274333882306756e-11 3.1986934178724904 0.0 0.0
318.0 661973662.91665 661973664.53717 661973666.15769 0.0 0.0 2.8274333882306756e-11 3.1986934178724904 0.0 0.0
319.0 661973666.15769 661973667.77821 661973669.39873 0.0 0.0 2.8274333882306756e-11 3.1986934178724904 0.0 0.0
320.0 661973669.39873 661973671.01925 661973672.63977 0.0 0.0 2.8274333882306756e-11 3.1986934178724904 0.0 0.0
321.0 661973672.63977 661973674.26029 661973675.88081 0.0 0.0 2.8274333882306756e-11 3.1986934178724904 0.0 0.0
322.0 661973675.88081 661973677.50133 661973679.12185 0.0 0.0 2.8274333882306756e-11 3.1986934178724904 0.0 0.0
323.0 661973679.12185 661973680.74237 661973682.36289 0.0 0.0 2.8274333882306756e-11 3.1986934178724904 0.0 0.0
324.0 661973682.36289 661973683.98341 661973685.60393 0.0 0.0 2.8274333882306756e-11 3.1986934178724904 0.0 0.0
325.0 661973685.60393 661973687.22445 661973688.84497 0.0 0.0 2.8274333882306756e-11 3.1986934178724904 0.0 0.0
326.0 661973688.8449701 661973690.4654901 661973692.0860101 0.0 0.0 2.8274333882306756e-11 3.1986934178724904 0.0 0.0
327.0 661973692.0860101 661973693.7065301 661973695.3270501 0.0 0.0 2.8274333882306756e-11 3.1986934178724904 0.0 0.0
328.0 661973695.3270501 661973696.9475701 661973698.5680901 0.0 0.0 2.8274333882306756e-11 3.1986934178724904 0.0 0.0
329.0 661973698.5680901 661973700.1886101 661973701.8091301 0.0 0.0 2.8274333882306756e-11 3.1986934178724904 0.0 0.0
330.0 661973701.8091301 661973703.4296501 661973705.0501701 0.0 0.0 2.8274333882306756e-11 3.1986934178724904 0.0 0.0
331.0 661973705.0501701 661973706.6706901 661973708.29121 0.0 0.0 2.8274333882306756e-11 3.1986934178724904 0.0 0.0
332.0 661973708.29121 661973709.91173 661973711.53225 0.0 0.0 2.8274333882306756e-11 3.1986934178724904 0.0 0.0
333.0 661973711.53225 661973713.15277 661973714.77329 0.0 0.0 2.8274333882306756e-11 3.1986934178724904 0.0 0.0
334.0 661973714.77329 661973716.39381 661973718.01433 0.0 0.0 2.8274333882306756e-11 3.1986934178724904 0.0 0.0
335.0 661973718.01433 661973719.63485 661973721.25537 0.0 0.0 2.8274333882306756e-11 3.1986934178724904 0.0 0.0
336.0 661973721.25537 661973722.87589 661973724.49641 0.0 0.0 2.8274333882306756e-11 3.1986934178724904 0.0 0.0
337.0 661973724.49641 661973726.11693 661973727.73745 0.0 0.0 2.8274333882306756e-11 3.1986934178724904 0.0 0.0
338.0 661973727.73745 661973729.35797 661973730.97849 0.0 0.0 2.8274333882306756e-11 3.1986934178724904 0.0 0.0
339.0 661973730.97849 661973732.59901 661973734.21953 0.0 0.0 2.8274333882306756e-11 3.1986934178724904 0.0 0.0
340.0 661973734.2195301 661973735.8400501 661973737.4605701 0.0 0.0 2.8274333882306756e-11 3.1986934178724904 0.0 0.0
341.0 661973737.4605701 661973739.0810901 661973740.7016101 0.0 0.0 2.8274333882306756e-11 3.1986934178724904 0.0 0.0
342.0 661973740.7016101 661973742.3221301 661973743.9426501 0.0 0.0 2.8274333882306756e-11 3.1986934178724904 0.0 0.0
343.0 661973743.9426501 661973745.5631701 661973747.1836901 0.0 0.0 2.8274333882306756e-11 3.1986934178724904 0.0 0.0
344.0 661973747.1836901 661973748.8042101 661973750.4247301 0.0 0.0 2.8274333882306756e-11 3.1986934178724904 0.0 0.0
345.0 661973750.4247301 661973752.04525 661973753.66577 0.0 0.0 2.8274333882306756e-11 3.1986934178724904 0.0 0.0
346.0 661973753.66577 661973755.28629 661973756.90681 0.0 0.0 2.8274333882306756e-11 3.1986934178724904 0.0 0.0
347.0 661973756.90681 661973758.52733 661973760.14785 0.0 0.0 2.8274333882306756e-11 3.1986934178724904 0.0 0.0
348.0 661973760.14785 661973761.76837 661973763.38889 0.0 0.0 2.8274333882306756e-11 3.1986934178724904 0.0 0.0
349.0 661973763.38889 661973765.00941 661973766.62993 0.0 0.0 2.8274333882306756e-11 3.1986934178724904 0.0 0.0
350.0 661973766.62993 661973768.25045 661973769.87097 0.0 0.0 2.8274333882306756e-11 3.1986934178724904 0.0 0.0
351.0 661973769.87097 661973771.49149 661973773.11201 0.0 0.0 2.8274333882306756e-11 3.1986934178724904 0.0 0.0
352.0 661973773.11201 661973774.73253 661973776.35305 0.0 0.0 2.8274333882306756e-11 3.1986934178724904 0.0 0.0
353.0 661973776.35305 661973777.97357 661973779.59409 0.0 0.0 2.8274333882306756e-11 3.1986934178724904 0.0 0.0
354.0 661973779.5940901 661973781.2146101 661973782.8351301 0.0 0.0 2.8274333882306756e-11 3.1986934178724904 0.0 0.0
355.0 661973782.8351301 661973784.4556501 661973786.0761701 0.0 0.0 2.8274333882306756e-11 3.1986934178724904 0.0 0.0
356.0 661973786.0761701 661973787.6966901 661973789.3172101 0.0 0.0 2.8274333882306756e-11 3.1986934178724904 0.0 0.0
357.0 661973789.3172101 661973790.9377301 661973792.5582501 0.0 0.0 2.8274333882306756e-11 3.1986934178724904 0.0 0.0
358.0 661973792.5582501 661973794.1787701 661973795.7992901 0.0 0.0 2.8274333882306756e-11 3.1986934178724904 0.0 0.0
359.0 661973795.7992901 661973797.41981 661973799.04033 0.0 0.0 2.8274333882306756e-11 3.1986934178724904 0.0 0.0
360.0 661973799.04033 661973800.66085 661973802.28137 0.0 0.0 2.8274333882306756e-11 3.1986934178724904 0.0 0.0
361.0 661973802.28137 661973803.90189 661973805.52241 0.0 0.0 2.8274333882306756e-11 3.1986934178724904 0.0 0.0
362.0 661973805.52241 661973807.14293 661973808.76345 0.0 0.0 2.8274333882306756e-11 3.1986934178724904 0.0 0.0
363.0 661973808.76345 661973810.38397 661973812.00449 0.0 0.0 2.8274333882306756e-11 3.1986934178724904 0.0 0.0
364.0 661973812.00449 661973813.62501 661973815.24553 0.0 0.0 2.8274333882306756e-11 3.1986934178724904 0.0 0.0
365.0 661973815.24553 661973816.86605 661973818.48657 0.0 0.0 2.8274333882306756e-11 3.1986934178724904 0.0 0.0
366.0 661973818.48657 661973820.10709 661973821.72761 0.0 0.0 2.8274333882306756e-11 3.1986934178724904 0.0 0.0
367.0 661973821.72761 661973823.34813 661973824.96865 0.0 0.0 2.8274333882306756e-11 3.1986934178724904 0.0 0.0
368.0 661973824.9686501 661973826.5891701 661973828.2096901 0.0 0.0 2.8274333882306756e-11 3.1986934178724904 0.0 0.0
369.0 661973828.2096901 661973829.8302101 661973831.4507301 0.0 0.0 2.8274333882306756e-11 3.1986934178724904 0.0 0.0
370.0 661973831.4507301 661973833.0712501 661973834.6917701 0.0 0.0 2.8274333882306756e-11 3.1986934178724904 0.0 0.0
371.0 661973834.6917701 661973836.3122901 661973837.9328101 0.0 0.0 2.8274333882306756e-11 3.1986934178724904 0.0 0.0
372.0 661973837.9328101 661973839.5533301 661973841.17385 0.0 0.0 2.8274333882306756e-11 3.1986934178724904 0.0 0.0
373.0 661973841.17385 661973842.79437 661973844.41489 0.0 0.0 2.8274333882306756e-11 3.1986934178724904 0.0 0.0
374.0 661973844.41489 661973846.03541 661973847.65593 0.0 0.0 2.8274333882306756e-11 3.1986934178724904 0.0 0.0
375.0 661973847.65593 661973849.27645 661973850.89697 0.0 0.0 2.8274333882306756e-11 3.1986934178724904 0.0 0.0
376.0 661973850.89697 661973852.51749 661973854.13801 0.0 0.0 2.8274333882306756e-11 3.1986934178724904 0.0 0.0
377.0 661973854.13801 661973855.75853 661973857.37905 0.0 0.0 2.8274333882306756e-11 3.1986934178724904 0.0 0.0
378.0 661973857.37905 661973858.99957 661973860.62009 0.0 0.0 2.8274333882306756e-11 3.1986934178724904 0.0 0.0
379.0 661973860.62009 661973862.24061 661973863.86113 0.0 0.0 2.8274333882306756e-11 3.1986934178724904 0.0 0.0
380.0 661973863.86113 661973865.48165 661973867.10217 0.0 0.0 2.8274333882306756e-11 3.1986934178724904 0.0 0.0
381.0 661973867.10217 661973868.72269 661973870.34321 0.0 0.0 2.8274333882306756e-11 3.1986934178724904 0.0 0.0
382.0 661973870.3432101 661973871.9637301 661973873.5842501 0.0 0.0 2.8274333882306756e-11 3.1986934178724904 0.0 0.0
383.0 661973873.5842501 661973875.2047701 661973876.8252901 0.0 0.0 2.8274333882306756e-11 3.1986934178724904 0.0 0.0
384.0 661973876.8252901 661973878.4458101 661973880.0663301 0.0 0.0 2.8274333882306756e-11 3.1986934178724904 0.0 0.0
385.0 661973880.0663301 661973881.6868501 661973883.3073701 0.0 0.0 2.8274333882306756e-11 3.1986934178724904 0.0 0.0
386.0 661973883.3073701 661973884.9278901 661973886.54841 0.0 0.0 2.8274333882306756e-11 3.1986934178724904 0.0 0.0
387.0 661973886.54841 661973888.16893 661973889.78945 0.0 0.0 2.8274333882306756e-11 3.1986934178724904 0.0 0.0
388.0 661973889.78945 661973891.40997 661973893.03049 0.0 0.0 2.8274333882306756e-11 3.1986934178724904 0.0 0.0
389.0 661973893.03049 661973894.65101 661973896.27153 0.0 0.0 2.8274333882306756e-11 3.1986934178724904 0.0 0.0
390.0 661973896.27153 661973897.89205 661973899.51257 0.0 0.0 2.8274333882306756e-11 3.1986934178724904 0.0 0.0
391.0 661973899.51257 661973901.13309 661973902.75361 0.0 0.0 2.8274333882306756e-11 3.1986934178724904 0.0 0.0
392.0 661973902.75361 661973904.37413 661973905.99465 0.0 0.0 2.8274333882306756e-11 3.1986934178724904 0.0 0.0
393.0 661973905.99465 661973907.61517 661973909.23569 0.0 0.0 2.8274333882306756e-11 3.1986934178724904 0.0 0.0
394.0 661973909.23569 661973910.85621 661973912.47673 0.0 0.0 2.8274333882306756e-11 3.1986934178724904 0.0 0.0
395.0 661973912.47673 661973914.09725 661973915.71777 0.0 0.0 2.8274333882306756e-11 3.1986934178724904 0.0 0.0
396.0 661973915.7177701 661973917.3382901 661973918.9588101 0.0 0.0 2.8274333882306756e-11 3.1986934178724904 0.0 0.0
397.0 661973918.9588101 661973920.5793301 661973922.1998501 0.0 0.0 2.8274333882306756e-11 3.1986934178724904 0.0 0.0
398.0 661973922.1998501 661973923.8203701 661973925.4408901 0.0 0.0 2.8274333882306756e-11 3.1986934178724904 0.0 0.0
399.0 661973925.4408901 661973927.0614101 661973928.6819301 0.0 0.0 2.8274333882306756e-11 3.1986934178724904 0.0 0.0
400.0 661973928.6819301 661973930.3024501 661973931.92297 0.0 0.0 2.8274333882306756e-11 3.1986934178724904 0.0 0.0
401.0 661973931.92297 661973933.54349 661973935.16401 0.0 0.0 2.8274333882306756e-11 3.1986934178724904 0.0 0.0
402.0 661973935.16401 661973936.78453 661973938.40505 0.0 0.0 2.8274333882306756e-11 3.1986934178724904 0.0 0.0
403.0 661973938.40505 661973940.02557 661973941.64609 0.0 0.0 2.8274333882306756e-11 3.1986934178724904 0.0 0.0
404.0 661973941.64609 661973943.26661 661973944.88713 0.0 0.0 2.8274333882306756e-11 3.1986934178724904 0.0 0.0
405.0 661973944.88713 661973946.50765 661973948.12817 0.0 0.0 2.8274333882306756e-11 3.1986934178724904 0.0 0.0
406.0 661973948.12817 661973949.74869 661973951.36921 0.0 0.0 2.8274333882306756e-11 3.1986934178724904 0.0 0.0
407.0 661973951.36921 661973952.98973 661973954.61025 0.0 0.0 2.8274333882306756e-11 3.1986934178724904 0.0 0.0
408.0 661973954.61025 661973956.23077 661973957.85129 0.0 0.0 2.8274333882306756e-11 3.1986934178724904 0.0 0.0
409.0 661973957.8512901 661973959.4718101 661973961.0923301 0.0 0.0 2.8274333882306756e-11 3.1986934178724904 0.0 0.0
410.0 661973961.0923301 661973962.7128501 661973964.3333701 0.0 0.0 2.8274333882306756e-11 3.1986934178724904 0.0 0.0
411.0 661973964.3333701 661973965.9538901 661973967.5744101 0.0 0.0 2.8274333882306756e-11 3.1986934178724904 0.0 0.0
412.0 661973967.5744101 661973969.1949301 661973970.8154501 0.0 0.0 2.8274333882306756e-11 3.1986934178724904 0.0 0.0
413.0 661973970.8154501 661973972.4359701 661973974.0564901 0.0 0.0 2.8274333882306756e-11 3.1986934178724904 0.0 0.0
414.0 661973974.0564901 661973975.67701 661973977.29753 0.0 0.0 2.8274333882306756e-11 3.1986934178724904 0.0 0.0
415.0 661973977.29753 661973978.91805 661973980.53857 0.0 0.0 2.8274333882306756e-11 3.1986934178724904 0.0 0.0
416.0 661973980.53857 661973982.15909 661973983.77961 0.0 0.0 2.8274333882306756e-11 3.1986934178724904 0.0 0.0
417.0 661973983.77961 661973985.40013 661973987.02065 0.0 0.0 2.8274333882306756e-11 3.1986934178724904 0.0 0.0
418.0 661973987.02065 661973988.64117 661973990.26169 0.0 0.0 2.8274333882306756e-11 3.1986934178724904 0.0 0.0
419.0 661973990.26169 661973991.88221 661973993.50273 0.0 0.0 2.8274333882306756e-11 3.1986934178724904 0.0 0.0
420.0 661973993.50273 661973995.12325 661973996.74377 0.0 0.0 2.8274333882306756e-11 3.1986934178724904 0.0 0.0
421.0 661973996.74377 661973998.36429 661973999.98481 0.0 0.0 2.8274333882306756e-11 3.1986934178724904 0.0 0.0
422.0 661973999.98481 661974001.60533 661974003.22585 0.0 0.0 2.8274333882306756e-11 3.1986934178724904 0.0 0.0
423.0 661974003.2258501 661974004.8463701 661974006.4668901 0.0 0.0 2.8274333882306756e-11 3.1986934178724904 0.0 0.0
424.0 661974006.4668901 661974008.0874101 661974009.7079301 0.0 0.0 2.8274333882306756e-11 3.1986934178724904 0.0 0.0
425.0 661974009.7079301 661974011.3284501 661974012.9489701 0.0 0.0 2.8274333882306756e-11 3.1986934178724904 0.0 0.0
426.0 661974012.9489701 661974014.5694901 661974016.1900101 0.0 0.0 2.8274333882306756e-11 3.1986934178724904 0.0 0.0
427.0 661974016.1900101 661974017.8105301 661974019.4310501 0.0 0.0 2.8274333882306756e-11 3.1986934178724904 0.0 0.0
428.0 661974019.4310501 661974021.05157 661974022.67209 0.0 0.0 2.8274333882306756e-11 3.1986934178724904 0.0 0.0
429.0 661974022.67209 661974024.29261 661974025.91313 0.0 0.0 2.8274333882306756e-11 3.1986934178724904 0.0 0.0
430.0 661974025.91313 661974027.53365 661974029.15417 0.0 0.0 2.8274333882306756e-11 3.1986934178724904 0.0 0.0
431.0 661974029.15417 661974030.77469 661974032.39521 0.0 0.0 2.8274333882306756e-11 3.1986934178724904 0.0 0.0
432.0 661974032.39521 661974034.01573 661974035.63625 0.0 0.0 2.8274333882306756e-11 3.1986934178724904 0.0 0.0
433.0 661974035.63625 661974037.25677 661974038.87729 0.0 0.0 2.8274333882306756e-11 3.1986934178724904 0.0 0.0
434.0 661974038.87729 661974040.49781 661974042.11833 0.0 0.0 2.8274333882306756e-11 3.1986934178724904 0.0 0.0
435.0 661974042.11833 661974043.73885 661974045.35937 0.0 0.0 2.8274333882306756e-11 3.1986934178724904 0.0 0.0
436.0 661974045.35937 661974046.97989 661974048.60041 0.0 0.0 2.8274333882306756e-11 3.1986934178724904 0.0 0.0
437.0 661974048.6004101 661974050.2209301 661974051.8414501 0.0 0.0 2.8274333882306756e-11 3.1986934178724904 0.0 0.0
438.0 661974051.8414501 661974053.4619701 661974055.0824901 0.0 0.0 2.8274333882306756e-11 3.1986934178724904 0.0 0.0
439.0 661974055.0824901 661974056.7030101 661974058.3235301 0.0 0.0 2.8274333882306756e-11 3.1986934178724904 0.0 0.0
440.0 661974058.3235301 661974059.9440501 661974061.5645701 0.0 0.0 2.8274333882306756e-11 3.1986934178724904 0.0 0.0
441.0 661974061.5645701 661974063.1850901 661974064.8056101 0.0 0.0 2.8274333882306756e-11 3.1986934178724904 0.0 0.0
442.0 661974064.8056101 661974066.42613 661974068.04665 0.0 0.0 2.8274333882306756e-11 3.1986934178724904 0.0 0.0
443.0 661974068.04665 661974069.66717 661974071.28769 0.0 0.0 2.8274333882306756e-11 3.1986934178724904 0.0 0.0
444.0 661974071.28769 661974072.90821 661974074.52873 0.0 0.0 2.8274333882306756e-11 3.1986934178724904 0.0 0.0
445.0 661974074.52873 661974076.14925 661974077.76977 0.0 0.0 2.8274333882306756e-11 3.1986934178724904 0.0 0.0
446.0 661974077.76977 661974079.39029 661974081.01081 0.0 0.0 2.8274333882306756e-11 3.1986934178724904 0.0 0.0
447.0 661974081.01081 661974082.63133 661974084.25185 0.0 0.0 2.8274333882306756e-11 3.1986934178724904 0.0 0.0
448.0 661974084.25185 661974085.87237 661974087.49289 0.0 0.0 2.8274333882306756e-11 3.1986934178724904 0.0 0.0
449.0 661974087.49289 661974089.11341 661974090.73393 0.0 0.0 2.8274333882306756e-11 3.1986934178724904 0.0 0.0
450.0 661974090.73393 661974092.35445 661974093.97497 0.0 0.0 2.8274333882306756e-11 3.1986934178724904 0.0 0.0
451.0 661974093.9749701 661974095.5954901 661974097.2160101 0.0 0.0 2.8274333882306756e-11 3.1986934178724904 0.0 0.0
452.0 661974097.2160101 661974098.8365301 661974100.4570501 0.0 0.0 2.8274333882306756e-11 3.1986934178724904 0.0 0.0
453.0 661974100.4570501 661974102.0775701 661974103.6980901 0.0 0.0 2.8274333882306756e-11 3.1986934178724904 0.0 0.0
454.0 661974103.6980901 661974105.3186101 661974106.9391301 0.0 0.0 2.8274333882306756e-11 3.1986934178724904 0.0 0.0
455.0 661974106.9391301 661974108.5596501 661974110.18017 0.0 0.0 2.8274333882306756e-11 3.1986934178724904 0.0 0.0
456.0 661974110.18017 661974111.80069 661974113.42121 0.0 0.0 2.8274333882306756e-11 3.1986934178724904 0.0 0.0
457.0 661974113.42121 661974115.04173 661974116.66225 0.0 0.0 2.8274333882306756e-11 3.1986934178724904 0.0 0.0
458.0 661974116.66225 661974118.28277 661974119.90329 0.0 0.0 2.8274333882306756e-11 3.1986934178724904 0.0 0.0
459.0 661974119.90329 661974121.52381 661974123.14433 0.0 0.0 2.8274333882306756e-11 3.1986934178724904 0.0 0.0
460.0 661974123.14433 661974124.76485 661974126.38537 0.0 0.0 2.8274333882306756e-11 3.1986934178724904 0.0 0.0
461.0 661974126.38537 661974128.00589 661974129.62641 0.0 0.0 2.8274333882306756e-11 3.1986934178724904 0.0 0.0
462.0 661974129.62641 661974131.24693 661974132.86745 0.0 0.0 2.8274333882306756e-11 3.1986934178724904 0.0 0.0
463.0 661974132.86745 661974134.48797 661974136.10849 0.0 0.0 2.8274333882306756e-11 3.1986934178724904 0.0 0.0
464.0 661974136.10849 661974137.72901 661974139.34953 0.0 0.0 2.8274333882306756e-11 3.1986934178724904 0.0 0.0
465.0 661974139.3495301 661974140.9700501 661974142.5905701 0.0 0.0 2.8274333882306756e-11 3.1986934178724904 0.0 0.0
466.0 661974142.5905701 661974144.2110901 661974145.8316101 0.0 0.0 2.8274333882306756e-11 3.1986934178724904 0.0 0.0
467.0 661974145.8316101 661974147.4521301 661974149.0726501 0.0 0.0 2.8274333882306756e-11 3.1986934178724904 0.0 0.0
468.0 661974149.0726501 661974150.6931701 661974152.3136901 0.0 0.0 2.8274333882306756e-11 3.1986934178724904 0.0 0.0
469.0 661974152.3136901 661974153.9342101 661974155.55473 0.0 0.0 2.8274333882306756e-11 3.1986934178724904 0.0 0.0
470.0 661974155.55473 661974157.17525 661974158.79577 0.0 0.0 2.8274333882306756e-11 3.1986934178724904 0.0 0.0
471.0 661974158.79577 661974160.41629 661974162.03681 0.0 0.0 2.8274333882306756e-11 3.1986934178724904 0.0 0.0
472.0 661974162.03681 661974163.65733 661974165.27785 0.0 0.0 2.8274333882306756e-11 3.1986934178724904 0.0 0.0
473.0 661974165.27785 661974166.89837 661974168.51889 0.0 0.0 2.8274333882306756e-11 3.1986934178724904 0.0 0.0
474.0 661974168.51889 661974170.13941 661974171.75993 0.0 0.0 2.8274333882306756e-11 3.1986934178724904 0.0 0.0
475.0 661974171.75993 661974173.38045 661974175.00097 0.0 0.0 2.8274333882306756e-11 3.1986934178724904 0.0 0.0
476.0 661974175.00097 661974176.62149 661974178.24201 0.0 0.0 2.8274333882306756e-11 3.1986934178724904 0.0 0.0
477.0 661974178.24201 661974179.86253 661974181.48305 0.0 0.0 2.8274333882306756e-11 3.1986934178724904 0.0 0.0
478.0 661974181.48305 661974183.10357 661974184.72409 0.0 0.0 2.8274333882306756e-11 3.1986934178724904 0.0 0.0
479.0 661974184.7240901 661974186.3446101 661974187.9651301 0.0 0.0 2.8274333882306756e-11 3.1986934178724904 0.0 0.0
480.0 661974187.9651301 661974189.5856501 661974191.2061701 0.0 0.0 2.8274333882306756e-11 3.1986934178724904 0.0 0.0
481.0 661974191.2061701 661974192.8266901 661974194.4472101 0.0 0.0 2.8274333882306756e-11 3.1986934178724904 0.0 0.0
482.0 661974194.4472101 661974196.0677301 661974197.6882501 0.0 0.0 2.8274333882306756e-11 3.1986934178724904 0.0 0.0
483.0 661974197.6882501 661974199.3087701 661974200.92929 0.0 0.0 2.8274333882306756e-11 3.1986934178724904 0.0 0.0
484.0 661974200.92929 661974202.54981 661974204.17033 0.0 0.0 2.8274333882306756e-11 3.1986934178724904 0.0 0.0
485.0 661974204.17033 661974205.79085 661974207.41137 0.0 0.0 2.8274333882306756e-11 3.1986934178724904 0.0 0.0
486.0 661974207.41137 661974209.03189 661974210.65241 0.0 0.0 2.8274333882306756e-11 3.1986934178724904 0.0 0.0
487.0 661974210.65241 661974212.27293 661974213.89345 0.0 0.0 2.8274333882306756e-11 3.1986934178724904 0.0 0.0
488.0 661974213.89345 661974215.51397 661974217.13449 0.0 0.0 2.8274333882306756e-11 3.1986934178724904 0.0 0.0
489.0 661974217.13449 661974218.75501 661974220.37553 0.0 0.0 2.8274333882306756e-11 3.1986934178724904 0.0 0.0
490.0 661974220.37553 661974221.99605 661974223.61657 0.0 0.0 2.8274333882306756e-11 3.1986934178724904 0.0 0.0
491.0 661974223.61657 661974225.23709 661974226.85761 0.0 0.0 2.8274333882306756e-11 3.1986934178724904 0.0 0.0
492.0 661974226.8576101 661974228.4781301 661974230.0986501 0.0 0.0 2.8274333882306756e-11 3.1986934178724904 0.0 0.0
493.0 661974230.0986501 661974231.7191701 661974233.3396901 0.0 0.0 2.8274333882306756e-11 3.1986934178724904 0.0 0.0
494.0 661974233.3396901 661974234.9602101 661974236.5807301 0.0 0.0 2.8274333882306756e-11 3.1986934178724904 0.0 0.0
495.0 661974236.5807301 661974238.2012501 661974239.8217701 0.0 0.0 2.8274333882306756e-11 3.1986934178724904 0.0 0.0
496.0 661974239.8217701 661974241.4422901 661974243.0628101 0.0 0.0 2.8274333882306756e-11 3.1986934178724904 0.0 0.0
497.0 661974243.0628101 661974244.68333 661974246.30385 0.0 0.0 2.8274333882306756e-11 3.1986934178724904 0.0 0.0
498.0 661974246.30385 661974247.92437 661974249.54489 0.0 0.0 2.8274333882306756e-11 3.1986934178724904 0.0 0.0
499.0 661974249.54489 661974251.16541 661974252.78593 0.0 0.0 2.8274333882306756e-11 3.1986934178724904 0.0 0.0
500.0 661974252.78593 661974254.40645 661974256.02697 0.0 0.0 2.8274333882306756e-11 3.1986934178724904 0.0 0.0
501.0 661974256.02697 661974257.64749 661974259.26801 0.0 0.0 2.8274333882306756e-11 3.1986934178724904 0.0 0.0
502.0 661974259.26801 661974260.88853 661974262.50905 0.0 0.0 2.8274333882306756e-11 3.1986934178724904 0.0 0.0
503.0 661974262.50905 661974264.12957 661974265.75009 0.0 0.0 2.8274333882306756e-11 3.1986934178724904 0.0 0.0
504.0 661974265.75009 661974267.37061 661974268.99113 0.0 0.0 2.8274333882306756e-11 3.1986934178724904 0.0 0.0
505.0 661974268.99113 661974270.61165 661974272.23217 0.0 0.0 2.8274333882306756e-11 3.1986934178724904 0.0 0.0
506.0 661974272.2321701 661974273.8526901 661974275.4732101 0.0 0.0 2.8274333882306756e-11 3.1986934178724904 0.0 0.0
507.0 661974275.4732101 661974277.0937301 661974278.7142501 0.0 0.0 2.8274333882306756e-11 3.1986934178724904 0.0 0.0
508.0 661974278.7142501 661974280.3347701 661974281.9552901 0.0 0.0 2.8274333882306756e-11 3.1986934178724904 0.0 0.0
509.0 661974281.9552901 661974283.5758101 661974285.1963301 0.0 0.0 2.8274333882306756e-11 3.1986934178724904 0.0 0.0
510.0 661974285.1963301 661974286.8168501 661974288.4373701 0.0 0.0 2.8274333882306756e-11 3.1986934178724904 0.0 0.0
511.0 661974288.4373701 661974290.05789 661974291.67841 0.0 0.0 2.8274333882306756e-11 3.1986934178724904 0.0 0.0
512.0 661974291.67841 661974293.29893 661974294.91945 0.0 0.0 2.8274333882306756e-11 3.1986934178724904 0.0 0.0
513.0 661974294.91945 661974296.53997 661974298.16049 0.0 0.0 2.8274333882306756e-11 3.1986934178724904 0.0 0.0
514.0 661974298.16049 661974299.78101 661974301.40153 0.0 0.0 2.8274333882306756e-11 3.1986934178724904 0.0 0.0
515.0 661974301.40153 661974303.02205 661974304.64257 0.0 0.0 2.8274333882306756e-11 3.1986934178724904 0.0 0.0
516.0 661974304.64257 661974306.26309 661974307.88361 0.0 0.0 2.8274333882306756e-11 3.1986934178724904 0.0 0.0
517.0 661974307.88361 661974309.50413 661974311.12465 0.0 0.0 2.8274333882306756e-11 3.1986934178724904 0.0 0.0
518.0 661974311.12465 661974312.74517 661974314.36569 0.0 0.0 2.8274333882306756e-11 3.1986934178724904 0.0 0.0
519.0 661974314.36569 661974315.98621 661974317.60673 0.0 0.0 2.8274333882306756e-11 3.1986934178724904 0.0 0.0
520.0 661974317.6067301 661974319.2272501 661974320.8477701 0.0 0.0 2.8274333882306756e-11 3.1986934178724904 0.0 0.0
521.0 661974320.8477701 661974322.4682901 661974324.0888101 0.0 0.0 2.8274333882306756e-11 3.1986934178724904 0.0 0.0
522.0 661974324.0888101 661974325.7093301 661974327.3298501 0.0 0.0 2.8274333882306756e-11 3.1986934178724904 0.0 0.0
523.0 661974327.3298501 661974328.9503701 661974330.5708901 0.0 0.0 2.8274333882306756e-11 3.1986934178724904 0.0 0.0
524.0 661974330.5708901 661974332.1914101 661974333.8119301 0.0 0.0 2.8274333882306756e-11 3.1986934178724904 0.0 0.0
525.0 661974333.8119301 661974335.43245 661974337.05297 0.0 0.0 2.8274333882306756e-11 3.1986934178724904 0.0 0.0
526.0 661974337.05297 661974338.67349 661974340.29401 0.0 0.0 2.8274333882306756e-11 3.1986934178724904 0.0 0.0
527.0 661974340.29401 661974341.91453 661974343.53505 0.0 0.0 2.8274333882306756e-11 3.1986934178724904 0.0 0.0
528.0 661974343.53505 661974345.15557 661974346.77609 0.0 0.0 2.8274333882306756e-11 3.1986934178724904 0.0 0.0
529.0 661974346.77609 661974348.39661 661974350.01713 0.0 0.0 2.8274333882306756e-11 3.1986934178724904 0.0 0.0
530.0 661974350.01713 661974351.63765 661974353.25817 0.0 0.0 2.8274333882306756e-11 3.1986934178724904 0.0 0.0
531.0 661974353.25817 661974354.87869 661974356.49921 0.0 0.0 2.8274333882306756e-11 3.1986934178724904 0.0 0.0
532.0 661974356.49921 661974358.11973 661974359.74025 0.0 0.0 2.8274333882306756e-11 3.1986934178724904 0.0 0.0
533.0 661974359.74025 661974361.36077 661974362.98129 0.0 0.0 2.8274333882306756e-11 3.1986934178724904 0.0 0.0
534.0 661974362.9812901 661974364.6018101 661974366.2223301 0.0 0.0 2.8274333882306756e-11 3.1986934178724904 0.0 0.0
535.0 661974366.2223301 661974367.8428501 661974369.4633701 0.0 0.0 2.8274333882306756e-11 3.1986934178724904 0.0 0.0
536.0 661974369.4633701 661974371.0838901 661974372.7044101 0.0 0.0 2.8274333882306756e-11 3.1986934178724904 0.0 0.0
537.0 661974372.7044101 661974374.3249301 661974375.9454501 0.0 0.0 2.8274333882306756e-11 3.1986934178724904 0.0 0.0
538.0 661974375.9454501 661974377.5659701 661974379.18649 0.0 0.0 2.8274333882306756e-11 3.1986934178724904 0.0 0.0
539.0 661974379.18649 661974380.80701 661974382.42753 0.0 0.0 2.8274333882306756e-11 3.1986934178724904 0.0 0.0
540.0 661974382.42753 661974384.04805 661974385.66857 0.0 0.0 2.8274333882306756e-11 3.1986934178724904 0.0 0.0
541.0 661974385.66857 661974387.28909 661974388.90961 0.0 0.0 2.8274333882306756e-11 3.1986934178724904 0.0 0.0
542.0 661974388.90961 661974390.53013 661974392.15065 0.0 0.0 2.8274333882306756e-11 3.1986934178724904 0.0 0.0
543.0 661974392.15065 661974393.77117 661974395.39169 0.0 0.0 2.8274333882306756e-11 3.1986934178724904 0.0 0.0
544.0 661974395.39169 661974397.01221 661974398.63273 0.0 0.0 2.8274333882306756e-11 3.1986934178724904 0.0 0.0
545.0 661974398.63273 661974400.25325 661974401.87377 0.0 0.0 2.8274333882306756e-11 3.1986934178724904 0.0 0.0
546.0 661974401.87377 661974403.49429 661974405.11481 0.0 0.0 2.8274333882306756e-11 3.1986934178724904 0.0 0.0
547.0 661974405.11481 661974406.73533 661974408.35585 0.0 0.0 2.8274333882306756e-11 3.1986934178724904 0.0 0.0
548.0 661974408.3558501 661974409.9763701 661974411.5968901 0.0 0.0 2.8274333882306756e-11 3.1986934178724904 0.0 0.0
549.0 661974411.5968901 661974413.2174101 661974414.8379301 0.0 0.0 2.8274333882306756e-11 3.1986934178724904 0.0 0.0
550.0 661974414.8379301 661974416.4584501 661974418.0789701 0.0 0.0 2.8274333882306756e-11 3.1986934178724904 0.0 0.0
551.0 661974418.0789701 661974419.6994901 661974421.3200101 0.0 0.0 2.8274333882306756e-11 3.1986934178724904 0.0 0.0
552.0 661974421.3200101 661974422.9405301 661974424.56105 0.0 0.0 2.8274333882306756e-11 3.1986934178724904 0.0 0.0
553.0 661974424.56105 661974426.18157 661974427.80209 0.0 0.0 2.8274333882306756e-11 3.1986934178724904 0.0 0.0
554.0 661974427.80209 661974429.42261 661974431.04313 0.0 0.0 2.8274333882306756e-11 3.1986934178724904 0.0 0.0
555.0 661974431.04313 661974432.66365 661974434.28417 0.0 0.0 2.8274333882306756e-11 3.1986934178724904 0.0 0.0
556.0 661974434.28417 661974435.90469 661974437.52521 0.0 0.0 2.8274333882306756e-11 3.1986934178724904 0.0 0.0
557.0 661974437.52521 661974439.14573 661974440.76625 0.0 0.0 2.8274333882306756e-11 3.1986934178724904 0.0 0.0
558.0 661974440.76625 661974442.38677 661974444.00729 0.0 0.0 2.8274333882306756e-11 3.1986934178724904 0.0 0.0
559.0 661974444.00729 661974445.62781 661974447.24833 0.0 0.0 2.8274333882306756e-11 3.1986934178724904 0.0 0.0
560.0 661974447.24833 661974448.86885 661974450.48937 0.0 0.0 2.8274333882306756e-11 3.1986934178724904 0.0 0.0
561.0 661974450.48937 661974452.10989 661974453.73041 0.0 0.0 2.8274333882306756e-11 3.1986934178724904 0.0 0.0
562.0 661974453.7304101 661974455.3509301 661974456.9714501 0.0 0.0 2.8274333882306756e-11 3.1986934178724904 0.0 0.0
563.0 661974456.9714501 661974458.5919701 661974460.2124901 0.0 0.0 2.8274333882306756e-11 3.1986934178724904 0.0 0.0
564.0 661974460.2124901 661974461.8330101 661974463.4535301 0.0 0.0 2.8274333882306756e-11 3.1986934178724904 0.0 0.0
565.0 661974463.4535301 661974465.0740501 661974466.6945701 0.0 0.0 2.8274333882306756e-11 3.1986934178724904 0.0 0.0
566.0 661974466.6945701 661974468.3150901 661974469.93561 0.0 0.0 2.8274333882306756e-11 3.1986934178724904 0.0 0.0
567.0 661974469.93561 661974471.55613 661974473.17665 0.0 0.0 2.8274333882306756e-11 3.1986934178724904 0.0 0.0
568.0 661974473.17665 661974474.79717 661974476.41769 0.0 0.0 2.8274333882306756e-11 3.1986934178724904 0.0 0.0
569.0 661974476.41769 661974478.03821 661974479.65873 0.0 0.0 2.8274333882306756e-11 3.1986934178724904 0.0 0.0
570.0 661974479.65873 661974481.27925 661974482.89977 0.0 0.0 2.8274333882306756e-11 3.1986934178724904 0.0 0.0
571.0 661974482.89977 661974484.52029 661974486.14081 0.0 0.0 2.8274333882306756e-11 3.1986934178724904 0.0 0.0
572.0 661974486.14081 661974487.76133 661974489.38185 0.0 0.0 2.8274333882306756e-11 3.1986934178724904 0.0 0.0
573.0 661974489.38185 661974491.00237 661974492.62289 0.0 0.0 2.8274333882306756e-11 3.1986934178724904 0.0 0.0
574.0 661974492.62289 661974494.24341 661974495.86393 0.0 0.0 2.8274333882306756e-11 3.1986934178724904 0.0 0.0
575.0 661974495.8639301 661974497.4844501 661974499.1049701 0.0 0.0 2.8274333882306756e-11 3.1986934178724904 0.0 0.0
576.0 661974499.1049701 661974500.7254901 661974502.3460101 0.0 0.0 2.8274333882306756e-11 3.1986934178724904 0.0 0.0
577.0 661974502.3460101 661974503.9665301 661974505.5870501 0.0 0.0 2.8274333882306756e-11 3.1986934178724904 0.0 0.0
578.0 661974505.5870501 661974507.2075701 661974508.8280901 0.0 0.0 2.8274333882306756e-11 3.1986934178724904 0.0 0.0
579.0 661974508.8280901 661974510.4486101 661974512.0691301 0.0 0.0 2.8274333882306756e-11 3.1986934178724904 0.0 0.0
580.0 661974512.0691301 661974513.68965 661974515.31017 0.0 0.0 2.8274333882306756e-11 3.1986934178724904 0.0 0.0
581.0 661974515.31017 661974516.93069 661974518.55121 0.0 0.0 2.8274333882306756e-11 3.1986934178724904 0.0 0.0
582.0 661974518.55121 661974520.17173 661974521.79225 0.0 0.0 2.8274333882306756e-11 3.1986934178724904 0.0 0.0
583.0 661974521.79225 661974523.41277 661974525.03329 0.0 0.0 2.8274333882306756e-11 3.1986934178724904 0.0 0.0
584.0 661974525.03329 661974526.65381 661974528.27433 0.0 0.0 2.8274333882306756e-11 3.1986934178724904 0.0 0.0
585.0 661974528.27433 661974529.89485 661974531.51537 0.0 0.0 2.8274333882306756e-11 3.1986934178724904 0.0 0.0
586.0 661974531.51537 661974533.13589 661974534.75641 0.0 0.0 2.8274333882306756e-11 3.1986934178724904 0.0 0.0
587.0 661974534.75641 661974536.37693 661974537.99745 0.0 0.0 2.8274333882306756e-11 3.1986934178724904 0.0 0.0
588.0 661974537.99745 661974539.61797 661974541.23849 0.0 0.0 2.8274333882306756e-11 3.1986934178724904 0.0 0.0
589.0 661974541.2384901 661974542.8590101 661974544.4795301 0.0 0.0 2.8274333882306756e-11 3.1986934178724904 0.0 0.0
590.0 661974544.4795301 661974546.1000501 661974547.7205701 0.0 0.0 2.8274333882306756e-11 3.1986934178724904 0.0 0.0
591.0 661974547.7205701 661974549.3410901 661974550.9616101 0.0 0.0 2.8274333882306756e-11 3.1986934178724904 0.0 0.0
592.0 661974550.9616101 661974552.5821301 661974554.2026501 0.0 0.0 2.8274333882306756e-11 3.1986934178724904 0.0 0.0
593.0 661974554.2026501 661974555.8231701 661974557.4436901 0.0 0.0 2.8274333882306756e-11 3.1986934178724904 0.0 0.0
594.0 661974557.4436901 661974559.06421 661974560.68473 0.0 0.0 2.8274333882306756e-11 3.1986934178724904 0.0 0.0
595.0 661974560.68473 661974562.30525 661974563.92577 0.0 0.0 2.8274333882306756e-11 3.1986934178724904 0.0 0.0
596.0 661974563.92577 661974565.54629 661974567.16681 0.0 0.0 2.8274333882306756e-11 3.1986934178724904 0.0 0.0
597.0 661974567.16681 661974568.78733 661974570.40785 0.0 0.0 2.8274333882306756e-11 3.1986934178724904 0.0 0.0
598.0 661974570.40785 661974572.02837 661974573.64889 0.0 0.0 2.8274333882306756e-11 3.1986934178724904 0.0 0.0
599.0 661974573.64889 661974575.26941 661974576.88993 0.0 0.0 2.8274333882306756e-11 3.1986934178724904 0.0 0.0
600.0 661974576.88993 661974578.51045 661974580.13097 0.0 0.0 2.8274333882306756e-11 3.1986934178724904 0.0 0.0
601.0 661974580.13097 661974581.75149 661974583.37201 0.0 0.0 2.8274333882306756e-11 3.1986934178724904 0.0 0.0
602.0 661974583.37201 661974584.99253 661974586.61305 0.0 0.0 2.8274333882306756e-11 3.1986934178724904 0.0 0.0
603.0 661974586.6130501 661974588.2335701 661974589.8540901 0.0 0.0 2.8274333882306756e-11 3.1986934178724904 0.0 0.0
604.0 661974589.8540901 661974591.4746101 661974593.0951301 0.0 0.0 2.8274333882306756e-11 3.1986934178724904 0.0 0.0
605.0 661974593.0951301 661974594.7156501 661974596.3361701 0.0 0.0 2.8274333882306756e-11 3.1986934178724904 0.0 0.0
606.0 661974596.3361701 661974597.9566901 661974599.5772101 0.0 0.0 2.8274333882306756e-11 3.1986934178724904 0.0 0.0
607.0 661974599.5772101 661974601.1977301 661974602.8182501 0.0 0.0 2.8274333882306756e-11 3.1986934178724904 0.0 0.0
608.0 661974602.8182501 661974604.43877 661974606.05929 0.0 0.0 2.8274333882306756e-11 3.1986934178724904 0.0 0.0
609.0 661974606.05929 661974607.67981 661974609.30033 0.0 0.0 2.8274333882306756e-11 3.1986934178724904 0.0 0.0
610.0 661974609.30033 661974610.92085 661974612.54137 0.0 0.0 2.8274333882306756e-11 3.1986934178724904 0.0 0.0
611.0 661974612.54137 661974614.16189 661974615.78241 0.0 0.0 2.8274333882306756e-11 3.1986934178724904 0.0 0.0
612.0 661974615.78241 661974617.40293 661974619.02345 0.0 0.0 2.8274333882306756e-11 3.1986934178724904 0.0 0.0
613.0 661974619.02345 661974620.64397 661974622.26449 0.0 0.0 2.8274333882306756e-11 3.1986934178724904 0.0 0.0
614.0 661974622.26449 661974623.88501 661974625.50553 0.0 0.0 2.8274333882306756e-11 3.1986934178724904 0.0 0.0
615.0 661974625.50553 661974627.12605 661974628.74657 0.0 0.0 2.8274333882306756e-11 3.1986934178724904 0.0 0.0
616.0 661974628.74657 661974630.36709 661974631.98761 0.0 0.0 2.8274333882306756e-11 3.1986934178724904 0.0 0.0
617.0 661974631.9876101 661974633.6081301 661974635.2286501 0.0 0.0 2.8274333882306756e-11 3.1986934178724904 0.0 0.0
618.0 661974635.2286501 661974636.8491701 661974638.4696901 0.0 0.0 2.8274333882306756e-11 3.1986934178724904 0.0 0.0
619.0 661974638.4696901 661974640.0902101 661974641.7107301 0.0 0.0 2.8274333882306756e-11 3.1986934178724904 0.0 0.0
620.0 661974641.7107301 661974643.3312501 661974644.9517701 0.0 0.0 2.8274333882306756e-11 3.1986934178724904 0.0 0.0
621.0 661974644.9517701 661974646.5722901 661974648.19281 0.0 0.0 2.8274333882306756e-11 3.1986934178724904 0.0 0.0
622.0 661974648.19281 661974649.81333 661974651.43385 0.0 0.0 2.8274333882306756e-11 3.1986934178724904 0.0 0.0
623.0 661974651.43385 661974653.05437 661974654.67489 0.0 0.0 2.8274333882306756e-11 3.1986934178724904 0.0 0.0
624.0 661974654.67489 661974656.29541 661974657.91593 0.0 0.0 2.8274333882306756e-11 3.1986934178724904 0.0 0.0
625.0 661974657.91593 661974659.53645 661974661.15697 0.0 0.0 2.8274333882306756e-11 3.1986934178724904 0.0 0.0
626.0 661974661.15697 661974662.77749 661974664.39801 0.0 0.0 2.8274333882306756e-11 3.1986934178724904 0.0 0.0
627.0 661974664.39801 661974666.01853 661974667.63905 0.0 0.0 2.8274333882306756e-11 3.1986934178724904 0.0 0.0
628.0 661974667.63905 661974669.25957 661974670.88009 0.0 0.0 2.8274333882306756e-11 3.1986934178724904 0.0 0.0
629.0 661974670.88009 661974672.50061 661974674.12113 0.0 0.0 2.8274333882306756e-11 3.1986934178724904 0.0 0.0
630.0 661974674.12113 661974675.74165 661974677.36217 0.0 0.0 2.8274333882306756e-11 3.1986934178724904 0.0 0.0
631.0 661974677.3621701 661974678.9826901 661974680.6032101 0.0 0.0 2.8274333882306756e-11 3.1986934178724904 0.0 0.0
632.0 661974680.6032101 661974682.2237301 661974683.8442501 0.0 0.0 2.8274333882306756e-11 3.1986934178724904 0.0 0.0
633.0 661974683.8442501 661974685.4647701 661974687.0852901 0.0 0.0 2.8274333882306756e-11 3.1986934178724904 0.0 0.0
634.0 661974687.0852901 661974688.7058101 661974690.3263301 0.0 0.0 2.8274333882306756e-11 3.1986934178724904 0.0 0.0
635.0 661974690.3263301 661974691.9468501 661974693.56737 0.0 0.0 2.8274333882306756e-11 3.1986934178724904 0.0 0.0
636.0 661974693.56737 661974695.18789 661974696.80841 0.0 0.0 2.8274333882306756e-11 3.1986934178724904 0.0 0.0
637.0 661974696.80841 661974698.42893 661974700.04945 0.0 0.0 2.8274333882306756e-11 3.1986934178724904 0.0 0.0
638.0 661974700.04945 661974701.66997 661974703.29049 0.0 0.0 2.8274333882306756e-11 3.1986934178724904 0.0 0.0
639.0 661974703.29049 661974704.91101 661974706.53153 0.0 0.0 2.8274333882306756e-11 3.1986934178724904 0.0 0.0
640.0 661974706.53153 661974708.15205 661974709.77257 0.0 0.0 2.8274333882306756e-11 3.1986934178724904 0.0 0.0
641.0 661974709.77257 661974711.39309 661974713.01361 0.0 0.0 2.8274333882306756e-11 3.1986934178724904 0.0 0.0
642.0 661974713.01361 661974714.63413 661974716.25465 0.0 0.0 2.8274333882306756e-11 3.1986934178724904 0.0 0.0
643.0 661974716.25465 661974717.87517 661974719.49569 0.0 0.0 2.8274333882306756e-11 3.1986934178724904 0.0 0.0
644.0 661974719.4956901 661974721.1162101 661974722.7367301 0.0 0.0 2.8274333882306756e-11 3.1986934178724904 0.0 0.0
645.0 661974722.7367301 661974724.3572501 661974725.9777701 0.0 0.0 2.8274333882306756e-11 2.387225418403176 0.0 0.0
646.0 661974725.9777701 661974727.5982901 661974729.2188101 0.0 0.0 2.8274333882306756e-11 0.0 0.0 0.0
647.0 661974729.2188101 661974730.8393301 661974732.4598501 0.0 0.0 2.8274333882306756e-11 0.0 0.0 0.0
648.0 661974732.4598501 661974734.0803701 661974735.7008901 0.0 0.0 2.8274333882306756e-11 0.0 0.0 0.0
649.0 661974735.7008901 661974737.3214101 661974738.94193 0.0 0.0 2.8274333882306756e-11 0.0 0.0 0.0
650.0 661974738.94193 661974740.56245 661974742.18297 0.0 0.0 2.8274333882306756e-11 0.0 0.0 0.0
651.0 661974742.18297 661974743.80349 661974745.42401 0.0 0.0 2.8274333882306756e-11 0.0 0.0 0.0
652.0 661974745.42401 661974747.04453 661974748.66505 0.0 0.0 2.8274333882306756e-11 0.0 0.0 0.0
653.0 661974748.66505 661974750.28557 661974751.90609 0.0 0.0 2.8274333882306756e-11 0.0 0.0 0.0
654.0 661974751.90609 661974753.52661 661974755.14713 0.0 0.0 2.8274333882306756e-11 0.0 0.0 0.0
655.0 661974755.14713 661974756.76765 661974758.38817 0.0 0.0 2.8274333882306756e-11 0.0 0.0 0.0
656.0 661974758.38817 661974760.00869 661974761.62921 0.0 0.0 2.8274333882306756e-11 0.0 0.0 0.0
657.0 661974761.62921 661974763.24973 661974764.87025 0.0 0.0 2.8274333882306756e-11 0.0 0.0 0.0
658.0 661974764.8702501 661974766.4907701 661974768.1112901 0.0 0.0 2.8274333882306756e-11 0.0 0.0 0.0
659.0 661974768.1112901 661974769.7318101 661974771.3523301 0.0 0.0 2.8274333882306756e-11 0.0 0.0 0.0
660.0 661974771.3523301 661974772.9728501 661974774.5933701 0.0 0.0 2.8274333882306756e-11 0.0 0.0 0.0
661.0 661974774.5933701 661974776.2138901 661974777.8344101 0.0 0.0 2.8274333882306756e-11 0.0 0.0 0.0
662.0 661974777.8344101 661974779.4549301 661974781.0754501 0.0 0.0 2.8274333882306756e-11 0.0 0.0 0.0
663.0 661974781.0754501 661974782.69597 661974784.31649 0.0 0.0 2.8274333882306756e-11 0.0 0.0 0.0
664.0 661974784.31649 661974785.93701 661974787.55753 0.0 0.0 2.8274333882306756e-11 0.0 0.0 0.0
665.0 661974787.55753 661974789.17805 661974790.79857 0.0 0.0 2.8274333882306756e-11 0.0 0.0 0.0
666.0 661974790.79857 661974792.41909 661974794.03961 0.0 0.0 2.8274333882306756e-11 0.0 0.0 0.0
667.0 661974794.03961 661974795.66013 661974797.28065 0.0 0.0 2.8274333882306756e-11 0.0 0.0 0.0
668.0 661974797.28065 661974798.90117 661974800.52169 0.0 0.0 2.8274333882306756e-11 0.0 0.0 0.0
669.0 661974800.52169 661974802.14221 661974803.76273 0.0 0.0 2.8274333882306756e-11 0.0 0.0 0.0
670.0 661974803.76273 661974805.38325 661974807.00377 0.0 0.0 2.8274333882306756e-11 0.0 0.0 0.0
671.0 661974807.00377 661974808.62429 661974810.24481 0.0 0.0 2.8274333882306756e-11 0.0 0.0 0.0
672.0 661974810.2448101 661974811.8653301 661974813.4858501 0.0 0.0 2.8274333882306756e-11 0.0 0.0 0.0
673.0 661974813.4858501 661974815.1063701 661974816.7268901 0.0 0.0 2.8274333882306756e-11 0.0 0.0 0.0
674.0 661974816.7268901 661974818.3474101 661974819.9679301 0.0 0.0 2.8274333882306756e-11 0.0 0.0 0.0
675.0 661974819.9679301 661974821.5884501 661974823.2089701 0.0 0.0 2.8274333882306756e-11 0.0 0.0 0.0
676.0 661974823.2089701 661974824.8294901 661974826.4500101 0.0 0.0 2.8274333882306756e-11 0.0 0.0 0.0
677.0 661974826.4500101 661974828.07053 661974829.69105 0.0 0.0 2.8274333882306756e-11 0.0 0.0 0.0
678.0 661974829.69105 661974831.31157 661974832.93209 0.0 0.0 2.8274333882306756e-11 0.0 0.0 0.0
679.0 661974832.93209 661974834.55261 661974836.17313 0.0 0.0 2.8274333882306756e-11 0.0 0.0 0.0
680.0 661974836.17313 661974837.79365 661974839.41417 0.0 0.0 2.8274333882306756e-11 0.0 0.0 0.0
681.0 661974839.41417 661974841.03469 661974842.65521 0.0 0.0 2.8274333882306756e-11 0.0 0.0 0.0
682.0 661974842.65521 661974844.27573 661974845.89625 0.0 0.0 2.8274333882306756e-11 0.0 0.0 0.0
683.0 661974845.89625 661974847.51677 661974849.13729 0.0 0.0 2.8274333882306756e-11 0.0 0.0 0.0
684.0 661974849.13729 661974850.75781 661974852.37833 0.0 0.0 2.8274333882306756e-11 0.0 0.0 0.0
685.0 661974852.37833 661974853.99885 661974855.61937 0.0 0.0 2.8274333882306756e-11 0.0 0.0 0.0
686.0 661974855.6193701 661974857.2398901 661974858.8604101 0.0 0.0 2.8274333882306756e-11 0.0 0.0 0.0
687.0 661974858.8604101 661974860.4809301 661974862.1014501 0.0 0.0 2.8274333882306756e-11 0.0 0.0 0.0
688.0 661974862.1014501 661974863.7219701 661974865.3424901 0.0 0.0 2.8274333882306756e-11 0.0 0.0 0.0
689.0 661974865.3424901 661974866.9630101 661974868.5835301 0.0 0.0 2.8274333882306756e-11 0.0 0.0 0.0
690.0 661974868.5835301 661974870.2040501 661974871.8245701 0.0 0.0 2.8274333882306756e-11 0.0 0.0 0.0
691.0 661974871.8245701 661974873.44509 661974875.06561 0.0 0.0 2.8274333882306756e-11 0.0 0.0 0.0
692.0 661974875.06561 661974876.68613 661974878.30665 0.0 0.0 2.8274333882306756e-11 0.0 0.0 0.0
693.0 661974878.30665 661974879.92717 661974881.54769 0.0 0.0 2.8274333882306756e-11 0.0 0.0 0.0
694.0 661974881.54769 661974883.16821 661974884.78873 0.0 0.0 2.8274333882306756e-11 0.0 0.0 0.0
695.0 661974884.78873 661974886.40925 661974888.02977 0.0 0.0 2.8274333882306756e-11 0.0 0.0 0.0
696.0 661974888.02977 661974889.65029 661974891.27081 0.0 0.0 2.8274333882306756e-11 0.0 0.0 0.0
697.0 661974891.27081 661974892.89133 661974894.51185 0.0 0.0 2.8274333882306756e-11 0.0 0.0 0.0
698.0 661974894.51185 661974896.13237 661974897.75289 0.0 0.0 2.8274333882306756e-11 0.0 0.0 0.0
699.0 661974897.75289 661974899.37341 661974900.99393 0.0 0.0 2.8274333882306756e-11 0.0 0.0 0.0
700.0 661974900.9939301 661974902.6144501 661974904.2349701 0.0 0.0 2.8274333882306756e-11 0.0 0.0 0.0
701.0 661974904.2349701 661974905.8554901 661974907.4760101 0.0 0.0 2.8274333882306756e-11 0.0 0.0 0.0
702.0 661974907.4760101 661974909.0965301 661974910.7170501 0.0 0.0 2.8274333882306756e-11 0.0 0.0 0.0
703.0 661974910.7170501 661974912.3375701 661974913.9580901 0.0 0.0 2.8274333882306756e-11 0.0 0.0 0.0
704.0 661974913.9580901 661974915.5786101 661974917.19913 0.0 0.0 2.8274333882306756e-11 0.0 0.0 0.0
705.0 661974917.19913 661974918.81965 661974920.44017 0.0 0.0 2.8274333882306756e-11 0.0 0.0 0.0
706.0 661974920.44017 661974922.06069 661974923.68121 0.0 0.0 2.8274333882306756e-11 0.0 0.0 0.0
707.0 661974923.68121 661974925.30173 661974926.92225 0.0 0.0 2.8274333882306756e-11 0.0 0.0 0.0
708.0 661974926.92225 661974928.54277 661974930.16329 0.0 0.0 2.8274333882306756e-11 0.0 0.0 0.0
709.0 661974930.16329 661974931.78381 661974933.40433 0.0 0.0 2.8274333882306756e-11 0.0 0.0 0.0
710.0 661974933.40433 661974935.02485 661974936.64537 0.0 0.0 2.8274333882306756e-11 0.0 0.0 0.0
711.0 661974936.64537 661974938.26589 661974939.88641 0.0 0.0 2.8274333882306756e-11 0.0 0.0 0.0
712.0 661974939.88641 661974941.50693 661974943.12745 0.0 0.0 2.8274333882306756e-11 0.0 0.0 0.0
713.0 661974943.12745 661974944.74797 661974946.36849 0.0 0.0 2.8274333882306756e-11 0.0 0.0 0.0
714.0 661974946.3684901 661974947.9890101 661974949.6095301 0.0 0.0 2.8274333882306756e-11 0.0 0.0 0.0
715.0 661974949.6095301 661974951.2300501 661974952.8505701 0.0 0.0 2.8274333882306756e-11 0.0 0.0 0.0
716.0 661974952.8505701 661974954.4710901 661974956.0916101 0.0 0.0 2.8274333882306756e-11 0.0 0.0 0.0
717.0 661974956.0916101 661974957.7121301 661974959.3326501 0.0 0.0 2.8274333882306756e-11 0.0 0.0 0.0
718.0 661974959.3326501 661974960.9531701 661974962.57369 0.0 0.0 2.8274333882306756e-11 0.0 0.0 0.0
719.0 661974962.57369 661974964.19421 661974965.81473 0.0 0.0 2.8274333882306756e-11 0.0 0.0 0.0
720.0 661974965.81473 661974967.43525 661974969.05577 0.0 0.0 2.8274333882306756e-11 0.0 0.0 0.0
721.0 661974969.05577 661974970.67629 661974972.29681 0.0 0.0 2.8274333882306756e-11 0.0 0.0 0.0
722.0 661974972.29681 661974973.91733 661974975.53785 0.0 0.0 2.8274333882306756e-11 0.0 0.0 0.0
723.0 661974975.53785 661974977.15837 661974978.77889 0.0 0.0 2.8274333882306756e-11 0.0 0.0 0.0
724.0 661974978.77889 661974980.39941 661974982.01993 0.0 0.0 2.8274333882306756e-11 0.0 0.0 0.0
725.0 661974982.01993 661974983.64045 661974985.26097 0.0 0.0 2.8274333882306756e-11 0.0 0.0 0.0
726.0 661974985.26097 661974986.88149 661974988.50201 0.0 0.0 2.8274333882306756e-11 0.0 0.0 0.0
727.0 661974988.5020101 661974990.1225301 661974991.7430501 0.0 0.0 2.8274333882306756e-11 0.0 0.0 0.0
728.0 661974991.7430501 661974993.3635701 661974994.9840901 0.0 0.0 2.8274333882306756e-11 0.0 0.0 0.0
729.0 661974994.9840901 661974996.6046101 661974998.2251301 0.0 0.0 2.8274333882306756e-11 0.0 0.0 0.0
730.0 661974998.2251301 661974999.8456501 661975001.4661701 0.0 0.0 2.8274333882306756e-11 0.0 0.0 0.0
731.0 661975001.4661701 661975003.0866901 661975004.7072101 0.0 0.0 2.8274333882306756e-11 0.0 0.0 0.0
732.0 661975004.7072101 661975006.3277301 661975007.94825 0.0 0.0 2.8274333882306756e-11 0.0 0.0 0.0
733.0 661975007.94825 661975009.56877 661975011.18929 0.0 0.0 2.8274333882306756e-11 0.0 0.0 0.0
734.0 661975011.18929 661975012.80981 661975014.43033 0.0 0.0 2.8274333882306756e-11 0.0 0.0 0.0
735.0 661975014.43033 661975016.05085 661975017.67137 0.0 0.0 2.8274333882306756e-11 0.0 0.0 0.0
736.0 661975017.67137 661975019.29189 661975020.91241 0.0 0.0 2.8274333882306756e-11 0.0 0.0 0.0
737.0 661975020.91241 661975022.53293 661975024.15345 0.0 0.0 2.8274333882306756e-11 0.0 0.0 0.0
738.0 661975024.15345 661975025.77397 661975027.39449 0.0 0.0 2.8274333882306756e-11 0.0 0.0 0.0
739.0 661975027.39449 661975029.01501 661975030.63553 0.0 0.0 2.8274333882306756e-11 0.0 0.0 0.0
740.0 661975030.63553 661975032.25605 661975033.87657 0.0 0.0 2.8274333882306756e-11 0.0 0.0 0.0
741.0 661975033.8765701 661975035.4970901 661975037.1176101 0.0 0.0 2.8274333882306756e-11 0.0 0.0 0.0
742.0 661975037.1176101 661975038.7381301 661975040.3586501 0.0 0.0 2.8274333882306756e-11 0.0 0.0 0.0
743.0 661975040.3586501 661975041.9791701 661975043.5996901 0.0 0.0 2.8274333882306756e-11 0.0 0.0 0.0
744.0 661975043.5996901 661975045.2202101 661975046.8407301 0.0 0.0 2.8274333882306756e-11 0.0 0.0 0.0
745.0 661975046.8407301 661975048.4612501 661975050.0817701 0.0 0.0 2.8274333882306756e-11 0.0 0.0 0.0
746.0 661975050.0817701 661975051.70229 661975053.32281 0.0 0.0 2.8274333882306756e-11 0.0 0.0 0.0
747.0 661975053.32281 661975054.94333 661975056.56385 0.0 0.0 2.8274333882306756e-11 0.0 0.0 0.0
748.0 661975056.56385 661975058.18437 661975059.80489 0.0 0.0 2.8274333882306756e-11 0.0 0.0 0.0
749.0 661975059.80489 661975061.42541 661975063.04593 0.0 0.0 2.8274333882306756e-11 0.0 0.0 0.0
750.0 661975063.04593 661975064.66645 661975066.28697 0.0 0.0 2.8274333882306756e-11 0.0 0.0 0.0
751.0 661975066.28697 661975067.90749 661975069.52801 0.0 0.0 2.8274333882306756e-11 0.0 0.0 0.0
752.0 661975069.52801 661975071.14853 661975072.76905 0.0 0.0 2.8274333882306756e-11 0.0 0.0 0.0
753.0 661975072.76905 661975074.38957 661975076.01009 0.0 0.0 2.8274333882306756e-11 0.0 0.0 0.0
754.0 661975076.01009 661975077.63061 661975079.25113 0.0 0.0 2.8274333882306756e-11 0.0 0.0 0.0
755.0 661975079.2511301 661975080.8716501 661975082.4921701 0.0 0.0 2.8274333882306756e-11 0.0 0.0 0.0
756.0 661975082.4921701 661975084.1126901 661975085.7332101 0.0 0.0 2.8274333882306756e-11 0.0 0.0 0.0
757.0 661975085.7332101 661975087.3537301 661975088.9742501 0.0 0.0 2.8274333882306756e-11 0.0 0.0 0.0
758.0 661975088.9742501 661975090.5947701 661975092.2152901 0.0 0.0 2.8274333882306756e-11 0.0 0.0 0.0
759.0 661975092.2152901 661975093.8358101 661975095.4563301 0.0 0.0 2.8274333882306756e-11 0.0 0.0 0.0
760.0 661975095.4563301 661975097.07685 661975098.69737 0.0 0.0 2.8274333882306756e-11 0.0 0.0 0.0
761.0 661975098.69737 661975100.31789 661975101.93841 0.0 0.0 2.8274333882306756e-11 0.0 0.0 0.0
762.0 661975101.93841 661975103.55893 661975105.17945 0.0 0.0 2.8274333882306756e-11 0.0 0.0 0.0
763.0 661975105.17945 661975106.79997 661975108.42049 0.0 0.0 2.8274333882306756e-11 0.0 0.0 0.0
764.0 661975108.42049 661975110.04101 661975111.66153 0.0 0.0 2.8274333882306756e-11 0.0 0.0 0.0
765.0 661975111.66153 661975113.28205 661975114.90257 0.0 0.0 2.8274333882306756e-11 0.0 0.0 0.0
766.0 661975114.90257 661975116.52309 661975118.14361 0.0 0.0 2.8274333882306756e-11 0.0 0.0 0.0
767.0 661975118.14361 661975119.76413 661975121.38465 0.0 0.0 2.8274333882306756e-11 0.0 0.0 0.0
768.0 661975121.38465 661975123.00517 661975124.62569 0.0 0.0 2.8274333882306756e-11 0.0 0.0 0.0
769.0 661975124.6256901 661975126.2462101 661975127.8667301 0.0 0.0 2.8274333882306756e-11 0.0 0.0 0.0
770.0 661975127.8667301 661975129.4872501 661975131.1077701 0.0 0.0 2.8274333882306756e-11 0.0 0.0 0.0
771.0 661975131.1077701 661975132.7282901 661975134.3488101 0.0 0.0 2.8274333882306756e-11 0.0 0.0 0.0
772.0 661975134.3488101 661975135.9693301 661975137.5898501 0.0 0.0 2.8274333882306756e-11 0.0 0.0 0.0
773.0 661975137.5898501 661975139.2103701 661975140.83089 0.0 0.0 2.8274333882306756e-11 0.0 0.0 0.0
774.0 661975140.83089 661975142.45141 661975144.07193 0.0 0.0 2.8274333882306756e-11 0.0 0.0 0.0
775.0 661975144.07193 661975145.69245 661975147.31297 0.0 0.0 2.8274333882306756e-11 0.0 0.0 0.0
776.0 661975147.31297 661975148.93349 661975150.55401 0.0 0.0 2.8274333882306756e-11 0.0 0.0 0.0
777.0 661975150.55401 661975152.17453 661975153.79505 0.0 0.0 2.8274333882306756e-11 0.0 0.0 0.0
778.0 661975153.79505 661975155.41557 661975157.03609 0.0 0.0 2.8274333882306756e-11 0.0 0.0 0.0
779.0 661975157.03609 661975158.65661 661975160.27713 0.0 0.0 2.8274333882306756e-11 0.0 0.0 0.0
780.0 661975160.27713 661975161.89765 661975163.51817 0.0 0.0 2.8274333882306756e-11 0.0 0.0 0.0
781.0 661975163.51817 661975165.13869 661975166.75921 0.0 0.0 2.8274333882306756e-11 0.0 0.0 0.0
782.0 661975166.75921 661975168.37973 661975170.00025 0.0 0.0 2.8274333882306756e-11 0.0 0.0 0.0
783.0 661975170.0002501 661975171.6207701 661975173.2412901 0.0 0.0 2.8274333882306756e-11 0.0 0.0 0.0
784.0 661975173.2412901 661975174.8618101 661975176.4823301 0.0 0.0 2.8274333882306756e-11 0.0 0.0 0.0
785.0 661975176.4823301 661975178.1028501 661975179.7233701 0.0 0.0 2.8274333882306756e-11 0.0 0.0 0.0
786.0 661975179.7233701 661975181.3438901 661975182.9644101 0.0 0.0 2.8274333882306756e-11 0.0 0.0 0.0
787.0 661975182.9644101 661975184.5849301 661975186.20545 0.0 0.0 2.8274333882306756e-11 0.0 0.0 0.0
788.0 661975186.20545 661975187.82597 661975189.44649 0.0 0.0 2.8274333882306756e-11 0.0 0.0 0.0
789.0 661975189.44649 661975191.06701 661975192.68753 0.0 0.0 2.8274333882306756e-11 0.0 0.0 0.0
790.0 661975192.68753 661975194.30805 661975195.92857 0.0 0.0 2.8274333882306756e-11 0.0 0.0 0.0
791.0 661975195.92857 661975197.54909 661975199.16961 0.0 0.0 2.8274333882306756e-11 0.0 0.0 0.0
792.0 661975199.16961 661975200.79013 661975202.41065 0.0 0.0 2.8274333882306756e-11 0.0 0.0 0.0
793.0 661975202.41065 661975204.03117 661975205.65169 0.0 0.0 2.8274333882306756e-11 0.0 0.0 0.0
794.0 661975205.65169 661975207.27221 661975208.89273 0.0 0.0 2.8274333882306756e-11 0.0 0.0 0.0
795.0 661975208.89273 661975210.51325 661975212.13377 0.0 0.0 2.8274333882306756e-11 0.0 0.0 0.0
796.0 661975212.13377 661975213.75429 661975215.37481 0.0 0.0 2.8274333882306756e-11 0.0 0.0 0.0
797.0 661975215.3748101 661975216.9953301 661975218.6158501 0.0 0.0 2.8274333882306756e-11 0.0 0.0 0.0
798.0 661975218.6158501 661975220.2363701 661975221.8568901 0.0 0.0 2.8274333882306756e-11 0.0 0.0 0.0
799.0 661975221.8568901 661975223.4774101 661975225.0979301 0.0 0.0 2.8274333882306756e-11 0.0 0.0 0.0
800.0 661975225.0979301 661975226.7184501 661975228.3389701 0.0 0.0 2.8274333882306756e-11 0.0 0.0 0.0
801.0 661975228.3389701 661975229.9594901 661975231.58001 0.0 0.0 2.8274333882306756e-11 0.0 0.0 0.0
802.0 661975231.58001 661975233.20053 661975234.82105 0.0 0.0 2.8274333882306756e-11 0.0 0.0 0.0
803.0 661975234.82105 661975236.44157 661975238.06209 0.0 0.0 2.8274333882306756e-11 0.0 0.0 0.0
804.0 661975238.06209 661975239.68261 661975241.30313 0.0 0.0 2.8274333882306756e-11 0.0 0.0 0.0
805.0 661975241.30313 661975242.92365 661975244.54417 0.0 0.0 2.8274333882306756e-11 0.0 0.0 0.0
806.0 661975244.54417 661975246.16469 661975247.78521 0.0 0.0 2.8274333882306756e-11 0.0 0.0 0.0
807.0 661975247.78521 661975249.40573 661975251.02625 0.0 0.0 2.8274333882306756e-11 0.0 0.0 0.0
808.0 661975251.02625 661975252.64677 661975254.26729 0.0 0.0 2.8274333882306756e-11 0.0 0.0 0.0
809.0 661975254.26729 661975255.88781 661975257.50833 0.0 0.0 2.8274333882306756e-11 0.0 0.0 0.0
810.0 661975257.5083301 661975259.1288501 661975260.7493701 0.0 0.0 2.8274333882306756e-11 0.0 0.0 0.0
811.0 661975260.7493701 661975262.3698901 661975263.9904101 0.0 0.0 2.8274333882306756e-11 0.0 0.0 0.0
812.0 661975263.9904101 661975265.6109301 661975267.2314501 0.0 0.0 2.8274333882306756e-11 0.0 0.0 0.0
813.0 661975267.2314501 661975268.8519701 661975270.4724901 0.0 0.0 2.8274333882306756e-11 0.0 0.0 0.0
814.0 661975270.4724901 661975272.0930101 661975273.7135301 0.0 0.0 2.8274333882306756e-11 0.0 0.0 0.0
815.0 661975273.7135301 661975275.33405 661975276.95457 0.0 0.0 2.8274333882306756e-11 0.0 0.0 0.0
816.0 661975276.95457 661975278.57509 661975280.19561 0.0 0.0 2.8274333882306756e-11 0.0 0.0 0.0
817.0 661975280.19561 661975281.81613 661975283.43665 0.0 0.0 2.8274333882306756e-11 0.0 0.0 0.0
818.0 661975283.43665 661975285.05717 661975286.67769 0.0 0.0 2.8274333882306756e-11 0.0 0.0 0.0
819.0 661975286.67769 661975288.29821 661975289.91873 0.0 0.0 2.8274333882306756e-11 0.0 0.0 0.0
820.0 661975289.91873 661975291.53925 661975293.15977 0.0 0.0 2.8274333882306756e-11 0.0 0.0 0.0
821.0 661975293.15977 661975294.78029 661975296.40081 0.0 0.0 2.8274333882306756e-11 0.0 0.0 0.0
822.0 661975296.40081 661975298.02133 661975299.64185 0.0 0.0 2.8274333882306756e-11 0.0 0.0 0.0
823.0 661975299.64185 661975301.26237 661975302.88289 0.0 0.0 2.8274333882306756e-11 0.0 0.0 0.0
824.0 661975302.8828901 661975304.5034101 661975306.1239301 0.0 0.0 2.8274333882306756e-11 0.0 0.0 0.0
825.0 661975306.1239301 661975307.7444501 661975309.3649701 0.0 0.0 2.8274333882306756e-11 0.0 0.0 0.0
826.0 661975309.3649701 661975310.9854901 661975312.6060101 0.0 0.0 2.8274333882306756e-11 0.0 0.0 0.0
827.0 661975312.6060101 661975314.2265301 661975315.8470501 0.0 0.0 2.8274333882306756e-11 0.0 0.0 0.0
828.0 661975315.8470501 661975317.4675701 661975319.0880901 0.0 0.0 2.8274333882306756e-11 0.0 0.0 0.0
829.0 661975319.0880901 661975320.70861 661975322.32913 0.0 0.0 2.8274333882306756e-11 0.0 0.0 0.0
830.0 661975322.32913 661975323.94965 661975325.57017 0.0 0.0 2.8274333882306756e-11 0.0 0.0 0.0
831.0 661975325.57017 661975327.19069 661975328.81121 0.0 0.0 2.8274333882306756e-11 0.0 0.0 0.0
832.0 661975328.81121 661975330.43173 661975332.05225 0.0 0.0 2.8274333882306756e-11 0.0 0.0 0.0
833.0 661975332.05225 661975333.67277 661975335.29329 0.0 0.0 2.8274333882306756e-11 0.0 0.0 0.0
834.0 661975335.29329 661975336.91381 661975338.53433 0.0 0.0 2.8274333882306756e-11 0.0 0.0 0.0
835.0 661975338.53433 661975340.15485 661975341.77537 0.0 0.0 2.8274333882306756e-11 0.0 0.0 0.0
836.0 661975341.77537 661975343.39589 661975345.01641 0.0 0.0 2.8274333882306756e-11 0.0 0.0 0.0
837.0 661975345.01641 661975346.63693 661975348.25745 0.0 0.0 2.8274333882306756e-11 0.0 0.0 0.0
838.0 661975348.2574501 661975349.8779701 661975351.4984901 0.0 0.0 2.8274333882306756e-11 0.0 0.0 0.0
839.0 661975351.4984901 661975353.1190101 661975354.7395301 0.0 0.0 2.8274333882306756e-11 0.0 0.0 0.0
840.0 661975354.7395301 661975356.3600501 661975357.9805701 0.0 0.0 2.8274333882306756e-11 0.0 0.0 0.0
841.0 661975357.9805701 661975359.6010901 661975361.2216101 0.0 0.0 2.8274333882306756e-11 0.0 0.0 0.0
842.0 661975361.2216101 661975362.8421301 661975364.4626501 0.0 0.0 2.8274333882306756e-11 0.0 0.0 0.0
843.0 661975364.4626501 661975366.08317 661975367.70369 0.0 0.0 2.8274333882306756e-11 0.0 0.0 0.0
844.0 661975367.70369 661975369.32421 661975370.94473 0.0 0.0 2.8274333882306756e-11 0.0 0.0 0.0
845.0 661975370.94473 661975372.56525 661975374.18577 0.0 0.0 2.8274333882306756e-11 0.0 0.0 0.0
846.0 661975374.18577 661975375.80629 661975377.42681 0.0 0.0 2.8274333882306756e-11 0.0 0.0 0.0
847.0 661975377.42681 661975379.04733 661975380.66785 0.0 0.0 2.8274333882306756e-11 0.0 0.0 0.0
848.0 661975380.66785 661975382.28837 661975383.90889 0.0 0.0 2.8274333882306756e-11 0.0 0.0 0.0
849.0 661975383.90889 661975385.52941 661975387.14993 0.0 0.0 2.8274333882306756e-11 0.0 0.0 0.0
850.0 661975387.14993 661975388.77045 661975390.39097 0.0 0.0 2.8274333882306756e-11 0.0 0.0 0.0
851.0 661975390.39097 661975392.01149 661975393.63201 0.0 0.0 2.8274333882306756e-11 0.0 0.0 0.0
852.0 661975393.6320101 661975395.2525301 661975396.8730501 0.0 0.0 2.8274333882306756e-11 0.0 0.0 0.0
853.0 661975396.8730501 661975398.4935701 661975400.1140901 0.0 0.0 2.8274333882306756e-11 0.0 0.0 0.0
854.0 661975400.1140901 661975401.7346101 661975403.3551301 0.0 0.0 2.8274333882306756e-11 0.0 0.0 0.0
855.0 661975403.3551301 661975404.9756501 661975406.5961701 0.0 0.0 2.8274333882306756e-11 0.0 0.0 0.0
856.0 661975406.5961701 661975408.2166901 661975409.83721 0.0 0.0 2.8274333882306756e-11 0.0 0.0 0.0
857.0 661975409.83721 661975411.45773 661975413.07825 0.0 0.0 2.8274333882306756e-11 0.0 0.0 0.0
858.0 661975413.07825 661975414.69877 661975416.31929 0.0 0.0 2.8274333882306756e-11 0.0 0.0 0.0
859.0 661975416.31929 661975417.93981 661975419.56033 0.0 0.0 2.8274333882306756e-11 0.0 0.0 0.0
860.0 661975419.56033 661975421.18085 661975422.80137 0.0 0.0 2.8274333882306756e-11 0.0 0.0 0.0
861.0 661975422.80137 661975424.42189 661975426.04241 0.0 0.0 2.8274333882306756e-11 0.0 0.0 0.0
862.0 661975426.04241 661975427.66293 661975429.28345 0.0 0.0 2.8274333882306756e-11 0.0 0.0 0.0
863.0 661975429.28345 661975430.90397 661975432.52449 0.0 0.0 2.8274333882306756e-11 0.0 0.0 0.0
864.0 661975432.52449 661975434.14501 661975435.76553 0.0 0.0 2.8274333882306756e-11 0.0 0.0 0.0
865.0 661975435.76553 661975437.38605 661975439.00657 0.0 0.0 2.8274333882306756e-11 0.0 0.0 0.0
866.0 661975439.0065701 661975440.6270901 661975442.2476101 0.0 0.0 2.8274333882306756e-11 0.0 0.0 0.0
867.0 661975442.2476101 661975443.8681301 661975445.4886501 0.0 0.0 2.8274333882306756e-11 0.0 0.0 0.0
868.0 661975445.4886501 661975447.1091701 661975448.7296901 0.0 0.0 2.8274333882306756e-11 0.0 0.0 0.0
869.0 661975448.7296901 661975450.3502101 661975451.9707301 0.0 0.0 2.8274333882306756e-11 0.0 0.0 0.0
870.0 661975451.9707301 661975453.5912501 661975455.21177 0.0 0.0 2.8274333882306756e-11 0.0 0.0 0.0
871.0 661975455.21177 661975456.83229 661975458.45281 0.0 0.0 2.8274333882306756e-11 0.0 0.0 0.0
872.0 661975458.45281 661975460.07333 661975461.69385 0.0 0.0 2.8274333882306756e-11 0.0 0.0 0.0
873.0 661975461.69385 661975463.31437 661975464.93489 0.0 0.0 2.8274333882306756e-11 0.0 0.0 0.0
874.0 661975464.93489 661975466.55541 661975468.17593 0.0 0.0 2.8274333882306756e-11 0.0 0.0 0.0
875.0 661975468.17593 661975469.79645 661975471.41697 0.0 0.0 2.8274333882306756e-11 0.0 0.0 0.0
876.0 661975471.41697 661975473.03749 661975474.65801 0.0 0.0 2.8274333882306756e-11 0.0 0.0 0.0
877.0 661975474.65801 661975476.27853 661975477.89905 0.0 0.0 2.8274333882306756e-11 0.0 0.0 0.0
878.0 661975477.89905 661975479.51957 661975481.14009 0.0 0.0 2.8274333882306756e-11 0.0 0.0 0.0
879.0 661975481.14009 661975482.76061 661975484.38113 0.0 0.0 2.8274333882306756e-11 0.0 0.0 0.0
880.0 661975484.3811301 661975486.0016501 661975487.6221701 0.0 0.0 2.8274333882306756e-11 0.0 0.0 0.0
881.0 661975487.6221701 661975489.2426901 661975490.8632101 0.0 0.0 2.8274333882306756e-11 0.0 0.0 0.0
882.0 661975490.8632101 661975492.4837301 661975494.1042501 0.0 0.0 2.8274333882306756e-11 0.0 0.0 0.0
883.0 661975494.1042501 661975495.7247701 661975497.3452901 0.0 0.0 2.8274333882306756e-11 0.0 0.0 0.0
884.0 661975497.3452901 661975498.9658101 661975500.58633 0.0 0.0 2.8274333882306756e-11 0.0 0.0 0.0
885.0 661975500.58633 661975502.20685 661975503.82737 0.0 0.0 2.8274333882306756e-11 0.0 0.0 0.0
886.0 661975503.82737 661975505.44789 661975507.06841 0.0 0.0 2.8274333882306756e-11 0.0 0.0 0.0
887.0 661975507.06841 661975508.68893 661975510.30945 0.0 0.0 2.8274333882306756e-11 0.0 0.0 0.0
888.0 661975510.30945 661975511.92997 661975513.55049 0.0 0.0 2.8274333882306756e-11 0.0 0.0 0.0
889.0 661975513.55049 661975515.17101 661975516.79153 0.0 0.0 2.8274333882306756e-11 0.0 0.0 0.0
890.0 661975516.79153 661975518.41205 661975520.03257 0.0 0.0 2.8274333882306756e-11 0.0 0.0 0.0
891.0 661975520.03257 661975521.65309 661975523.27361 0.0 0.0 2.8274333882306756e-11 0.0 0.0 0.0
892.0 661975523.27361 661975524.89413 661975526.51465 0.0 0.0 2.8274333882306756e-11 0.0 0.0 0.0
893.0 661975526.5146501 661975528.1351701 661975529.7556901 0.0 0.0 2.8274333882306756e-11 0.0 0.0 0.0
894.0 661975529.7556901 661975531.3762101 661975532.9967301 0.0 0.0 2.8274333882306756e-11 0.0 0.0 0.0
895.0 661975532.9967301 661975534.6172501 661975536.2377701 0.0 0.0 2.8274333882306756e-11 0.0 0.0 0.0
896.0 661975536.2377701 661975537.8582901 661975539.4788101 0.0 0.0 2.8274333882306756e-11 0.0 0.0 0.0
897.0 661975539.4788101 661975541.0993301 661975542.7198501 0.0 0.0 2.8274333882306756e-11 0.0 0.0 0.0
898.0 661975542.7198501 661975544.34037 661975545.96089 0.0 0.0 2.8274333882306756e-11 0.0 0.0 0.0
899.0 661975545.96089 661975547.58141 661975549.20193 0.0 0.0 2.8274333882306756e-11 0.0 0.0 0.0
900.0 661975549.20193 661975550.82245 661975552.44297 0.0 0.0 2.8274333882306756e-11 0.0 0.0 0.0
901.0 661975552.44297 661975554.06349 661975555.68401 0.0 0.0 2.8274333882306756e-11 0.0 0.0 0.0
902.0 661975555.68401 661975557.30453 661975558.92505 0.0 0.0 2.8274333882306756e-11 0.0 0.0 0.0
903.0 661975558.92505 661975560.54557 661975562.16609 0.0 0.0 2.8274333882306756e-11 0.0 0.0 0.0
904.0 661975562.16609 661975563.78661 661975565.40713 0.0 0.0 2.8274333882306756e-11 0.0 0.0 0.0
905.0 661975565.40713 661975567.02765 661975568.64817 0.0 0.0 2.8274333882306756e-11 0.0 0.0 0.0
906.0 661975568.64817 661975570.26869 661975571.88921 0.0 0.0 2.8274333882306756e-11 0.0 0.0 0.0
907.0 661975571.8892101 661975573.5097301 661975575.1302501 0.0 0.0 2.8274333882306756e-11 0.0 0.0 0.0
908.0 661975575.1302501 661975576.7507701 661975578.3712901 0.0 0.0 2.8274333882306756e-11 0.0 0.0 0.0
909.0 661975578.3712901 661975579.9918101 661975581.6123301 0.0 0.0 2.8274333882306756e-11 0.0 0.0 0.0
910.0 661975581.6123301 661975583.2328501 661975584.8533701 0.0 0.0 2.8274333882306756e-11 0.0 0.0 0.0
911.0 661975584.8533701 661975586.4738901 661975588.0944101 0.0 0.0 2.8274333882306756e-11 0.0 0.0 0.0
912.0 661975588.0944101 661975589.71493 661975591.33545 0.0 0.0 2.8274333882306756e-11 0.0 0.0 0.0
913.0 661975591.33545 661975592.95597 661975594.57649 0.0 0.0 2.8274333882306756e-11 0.0 0.0 0.0
914.0 661975594.57649 661975596.19701 661975597.81753 0.0 0.0 2.8274333882306756e-11 0.0 0.0 0.0
915.0 661975597.81753 661975599.43805 661975601.05857 0.0 0.0 2.8274333882306756e-11 0.0 0.0 0.0
916.0 661975601.05857 661975602.67909 661975604.29961 0.0 0.0 2.8274333882306756e-11 0.0 0.0 0.0
917.0 661975604.29961 661975605.92013 661975607.54065 0.0 0.0 2.8274333882306756e-11 0.0 0.0 0.0
918.0 661975607.54065 661975609.16117 661975610.78169 0.0 0.0 2.8274333882306756e-11 0.0 0.0 0.0
919.0 661975610.78169 661975612.40221 661975614.02273 0.0 0.0 2.8274333882306756e-11 0.0 0.0 0.0
920.0 661975614.02273 661975615.64325 661975617.26377 0.0 0.0 2.8274333882306756e-11 0.0 0.0 0.0
921.0 661975617.2637701 661975618.8842901 661975620.5048101 0.0 0.0 2.8274333882306756e-11 0.0 0.0 0.0
922.0 661975620.5048101 661975622.1253301 661975623.7458501 0.0 0.0 2.8274333882306756e-11 0.0 0.0 0.0
923.0 661975623.7458501 661975625.3663701 661975626.9868901 0.0 0.0 2.8274333882306756e-11 0.0 0.0 0.0
924.0 661975626.9868901 661975628.6074101 661975630.2279301 0.0 0.0 2.8274333882306756e-11 0.0 0.0 0.0
925.0 661975630.2279301 661975631.8484501 661975633.4689701 0.0 0.0 2.8274333882306756e-11 0.0 0.0 0.0
926.0 661975633.4689701 661975635.08949 661975636.71001 0.0 0.0 2.8274333882306756e-11 0.0 0.0 0.0
927.0 661975636.71001 661975638.33053 661975639.95105 0.0 0.0 2.8274333882306756e-11 0.0 0.0 0.0
928.0 661975639.95105 661975641.57157 661975643.19209 0.0 0.0 2.8274333882306756e-11 0.0 0.0 0.0
929.0 661975643.19209 661975644.81261 661975646.43313 0.0 0.0 2.8274333882306756e-11 0.0 0.0 0.0
930.0 661975646.43313 661975648.05365 661975649.67417 0.0 0.0 2.8274333882306756e-11 0.0 0.0 0.0
931.0 661975649.67417 661975651.29469 661975652.91521 0.0 0.0 2.8274333882306756e-11 0.0 0.0 0.0
932.0 661975652.91521 661975654.53573 661975656.15625 0.0 0.0 2.8274333882306756e-11 0.0 0.0 0.0
933.0 661975656.15625 661975657.77677 661975659.39729 0.0 0.0 2.8274333882306756e-11 0.0 0.0 0.0
934.0 661975659.39729 661975661.01781 661975662.63833 0.0 0.0 2.8274333882306756e-11 0.0 0.0 0.0
935.0 661975662.6383301 661975664.2588501 661975665.8793701 0.0 0.0 2.8274333882306756e-11 0.0 0.0 0.0
936.0 661975665.8793701 661975667.4998901 661975669.1204101 0.0 0.0 2.8274333882306756e-11 0.0 0.0 0.0
937.0 661975669.1204101 661975670.7409301 661975672.3614501 0.0 0.0 2.8274333882306756e-11 0.0 0.0 0.0
938.0 661975672.3614501 661975673.9819701 661975675.6024901 0.0 0.0 2.8274333882306756e-11 0.0 0.0 0.0
939.0 661975675.6024901 661975677.2230101 661975678.84353 0.0 0.0 2.8274333882306756e-11 0.0 0.0 0.0
940.0 661975678.84353 661975680.46405 661975682.08457 0.0 0.0 2.8274333882306756e-11 0.0 0.0 0.0
941.0 661975682.08457 661975683.70509 661975685.32561 0.0 0.0 2.8274333882306756e-11 0.0 0.0 0.0
942.0 661975685.32561 661975686.94613 661975688.56665 0.0 0.0 2.8274333882306756e-11 0.0 0.0 0.0
943.0 661975688.56665 661975690.18717 661975691.80769 0.0 0.0 2.8274333882306756e-11 0.0 0.0 0.0
944.0 661975691.80769 661975693.42821 661975695.04873 0.0 0.0 2.8274333882306756e-11 0.0 0.0 0.0
945.0 661975695.04873 661975696.66925 661975698.28977 0.0 0.0 2.8274333882306756e-11 0.0 0.0 0.0
946.0 661975698.28977 661975699.91029 661975701.53081 0.0 0.0 2.8274333882306756e-11 0.0 0.0 0.0
947.0 661975701.53081 661975703.15133 661975704.77185 0.0 0.0 2.8274333882306756e-11 0.0 0.0 0.0
948.0 661975704.77185 661975706.39237 661975708.01289 0.0 0.0 2.8274333882306756e-11 0.0 0.0 0.0
949.0 661975708.0128901 661975709.6334101 661975711.2539301 0.0 0.0 2.8274333882306756e-11 0.0 0.0 0.0
950.0 661975711.2539301 661975712.8744501 661975714.4949701 0.0 0.0 2.8274333882306756e-11 0.0 0.0 0.0
951.0 661975714.4949701 661975716.1154901 661975717.7360101 0.0 0.0 2.8274333882306756e-11 0.0 0.0 0.0
952.0 661975717.7360101 661975719.3565301 661975720.9770501 0.0 0.0 2.8274333882306756e-11 0.0 0.0 0.0
953.0 661975720.9770501 661975722.5975701 661975724.21809 0.0 0.0 2.8274333882306756e-11 0.0 0.0 0.0
954.0 661975724.21809 661975725.83861 661975727.45913 0.0 0.0 2.8274333882306756e-11 0.0 0.0 0.0
955.0 661975727.45913 661975729.07965 661975730.70017 0.0 0.0 2.8274333882306756e-11 0.0 0.0 0.0
